Nucleotide	Sequence	Modified_mutations	Modified_read_depth	Modified_effective_depth	Modified_rate	Untreated_mutations	Untreated_read_depth	Untreated_effective_depth	Untreated_rate	Denatured_mutations	Denatured_read_depth	Denatured_effective_depth	Denatured_rate	Reactivity_profile	Std_err	HQ_profile	HQ_stderr	Norm_profile	Norm_stderr
1	A	0	157955	132424	0.000000	0	390377	363096	0.000000	0	131839	115820	0.000000	nan	nan	nan	nan	nan	nan
2	U	0	158713	119365	0.000000	0	391319	344047	0.000000	0	132282	106353	0.000000	nan	nan	nan	nan	nan	nan
3	A	33	158919	126474	0.000261	67	391897	351216	0.000191	27	132494	110100	0.000245	0.286086	0.215333	0.286086	0.215333	0.686539	0.516748
4	C	33	159072	127487	0.000259	113	392312	351487	0.000321	37	132637	109926	0.000337	-0.186106	0.164107	-0.186106	0.164107	-0.446610	0.393818
5	U	219	159227	137953	0.001587	590	392695	368039	0.001603	191	132811	116940	0.001633	-0.009547	0.077116	-0.009547	0.077116	-0.022911	0.185060
6	U	27	159263	135836	0.000199	125	392803	362763	0.000345	46	132875	115490	0.000398	-0.366074	0.134627	-0.366074	0.134627	-0.878491	0.323073
7	A	68	159282	135519	0.000502	218	392838	361093	0.000604	97	132910	114315	0.000849	-0.120146	0.087255	-0.120146	0.087255	-0.288322	0.209391
8	C	134	159298	135793	0.000987	301	392864	360633	0.000835	284	132940	113894	0.002494	0.061019	0.039422	0.061019	0.039422	0.146431	0.094603
9	C	53	159316	136929	0.000387	122	392878	363335	0.000336	80	132970	114692	0.000698	0.073523	0.088187	0.073523	0.088187	0.176438	0.211628
10	U	197	159333	138608	0.001421	502	392889	365870	0.001372	150	133023	116366	0.001289	0.038170	0.091857	0.038170	0.091857	0.091599	0.220435
11	G	257	159355	137361	0.001871	623	392918	363793	0.001713	164	133142	115657	0.001418	0.111757	0.095873	0.111757	0.095873	0.268190	0.230073
12	G	185	159391	137946	0.001341	520	392950	364656	0.001426	89	133304	115614	0.000770	-0.110284	0.152123	-0.110284	0.152123	-0.264656	0.365059
13	C	103	159435	125201	0.000823	266	392983	341255	0.000779	60	133560	105707	0.000568	0.076111	0.166076	0.076111	0.166076	0.182648	0.398543
14	A	148	159633	126734	0.001168	377	393349	344181	0.001095	137	133966	106961	0.001281	0.056562	0.087063	0.056562	0.087063	0.135735	0.208931
15	G	362	159838	127747	0.002834	971	393676	346880	0.002799	365	134444	108395	0.003367	0.010242	0.051656	0.010242	0.051656	0.024578	0.123962
16	G	190	160189	142388	0.001334	358	394062	374955	0.000955	206	135053	120406	0.001711	0.221875	0.065655	0.221875	0.065655	0.532448	0.157556
17	G	323	160971	143108	0.002257	859	394504	374731	0.002292	211	136151	121426	0.001738	-0.020300	0.085153	-0.020300	0.085153	-0.048715	0.204347
18	G	123	162994	131247	0.000937	377	395219	343975	0.001096	209	138601	114166	0.001831	-0.086769	0.055834	-0.086769	0.055834	-0.208225	0.133988
19	A	485	168835	136709	0.003548	855	399138	347101	0.002463	903	144462	119836	0.007535	0.143912	0.024596	0.143912	0.024596	0.345355	0.059025
20	G	154	190269	150342	0.001024	315	441210	374946	0.000840	126	159289	129181	0.000975	0.188861	0.098995	0.188861	0.098995	0.453222	0.237565
21	A	223	212183	184435	0.001209	141	485211	444757	0.000317	225	173631	152126	0.001479	0.603143	0.070281	0.603143	0.070281	1.447401	0.168658
22	U	443	226622	195439	0.002267	303	516807	468233	0.000647	239	184229	159618	0.001497	1.081648	0.103367	1.081648	0.103367	2.595700	0.248056
23	A	291	237329	208317	0.001397	357	542516	493776	0.000723	855	190712	168026	0.005088	0.132438	0.018331	0.132438	0.018331	0.317820	0.043990
24	C	915	238098	212069	0.004315	1269	543718	500471	0.002536	607	191657	170182	0.003567	0.498777	0.049065	0.498777	0.049065	1.196947	0.117744
25	C	356	237891	217973	0.001633	812	543437	511417	0.001588	391	191465	174294	0.002243	0.020275	0.045900	0.020275	0.045900	0.048655	0.110149
26	A	316	237478	218627	0.001445	264	542891	512975	0.000515	2351	191207	174687	0.013458	0.069157	0.006639	0.069157	0.006639	0.165960	0.015932
27	U	261	237313	218022	0.001197	347	542728	511692	0.000678	470	191215	174512	0.002693	0.192700	0.031917	0.192700	0.031917	0.462434	0.076593
28	G	498	237052	219559	0.002268	333	542383	515680	0.000646	760	190967	174829	0.004347	0.373222	0.028217	0.373222	0.028217	0.895645	0.067714
29	A	1025	236841	219356	0.004673	375	542120	514349	0.000729	2084	190805	175763	0.011857	0.332608	0.014652	0.332608	0.014652	0.798181	0.035161
30	U	376	236663	219424	0.001714	542	541936	515088	0.001052	730	190692	174917	0.004173	0.158463	0.024496	0.158463	0.024496	0.380274	0.058785
31	C	163	236345	217310	0.000750	349	541572	514013	0.000679	269	190442	171686	0.001567	0.045385	0.044179	0.045385	0.044179	0.108913	0.106019
32	A	8673	236001	218770	0.039644	19274	541095	515676	0.037376	8530	190180	174388	0.048914	0.046371	0.010310	0.046371	0.010310	0.111279	0.024742
33	C	322	235947	218655	0.001473	247	541081	515521	0.000479	420	190133	174242	0.002410	0.412171	0.041516	0.412171	0.041516	0.989113	0.099629
34	G	285	235659	217242	0.001312	179	540835	512477	0.000349	381	189882	172229	0.002212	0.435146	0.043247	0.435146	0.043247	1.044248	0.103783
35	A	1028	235523	216414	0.004750	353	540649	509538	0.000693	2209	189746	172269	0.012823	0.316414	0.013678	0.316414	0.013678	0.759319	0.032824
36	A	531	235430	215383	0.002465	255	540639	507918	0.000502	795	189677	171632	0.004632	0.423861	0.028382	0.423861	0.028382	1.017166	0.068110
37	G	7196	235328	217477	0.033089	17434	540577	514127	0.033910	6410	189628	171965	0.037275	-0.022035	0.012532	-0.022035	0.012532	-0.052879	0.030074
38	G	314	235255	204695	0.001534	424	540583	494574	0.000857	1187	189592	162857	0.007289	0.092842	0.013452	0.092842	0.013452	0.222799	0.032282
39	U	1548	235161	205494	0.007533	2824	540466	496274	0.005690	5303	189468	164773	0.032184	0.057255	0.006861	0.057255	0.006861	0.137398	0.016465
40	G	523	235160	205295	0.002548	1223	540482	495235	0.002470	1198	189467	164465	0.007284	0.010711	0.018109	0.010711	0.018109	0.025704	0.043457
41	G	3893	235132	212477	0.018322	8207	540452	509652	0.016103	5323	189447	170111	0.031291	0.070909	0.011013	0.070909	0.011013	0.170165	0.026429
42	U	1466	235071	210857	0.006953	1861	540412	508228	0.003662	2604	189408	169016	0.015407	0.213596	0.013667	0.213596	0.013667	0.512580	0.032798
43	U	526	235053	211033	0.002493	617	540383	508830	0.001213	690	189390	169319	0.004075	0.314078	0.031586	0.314078	0.031586	0.753713	0.075799
44	U	330	235010	213572	0.001545	426	540311	511290	0.000833	482	189339	171235	0.002815	0.252930	0.035376	0.252930	0.035376	0.606972	0.084894
45	U	800	234923	213796	0.003742	1711	540173	509793	0.003356	1642	189278	170374	0.009638	0.040012	0.016133	0.040012	0.016133	0.096019	0.038715
46	C	2020	234844	212351	0.009513	4507	540086	505437	0.008917	2370	189194	168457	0.014069	0.042329	0.017782	0.042329	0.017782	0.101580	0.042673
47	C	981	234638	213562	0.004594	2606	539857	507083	0.005139	1771	189063	169657	0.010439	-0.052275	0.017086	-0.052275	0.017086	-0.125448	0.041002
48	C	2065	234470	201264	0.010260	5009	539762	486827	0.010289	2099	188881	159355	0.013172	-0.002196	0.020387	-0.002196	0.020387	-0.005270	0.048924
49	A	1918	234226	203183	0.009440	3825	539453	491209	0.007787	3900	188596	160877	0.024242	0.068181	0.010355	0.068181	0.010355	0.163618	0.024850
50	G	287	234172	201972	0.001421	543	539425	490190	0.001108	2112	188541	160290	0.013176	0.023774	0.007335	0.023774	0.007335	0.057052	0.017602
51	G	5869	233743	211087	0.027804	12099	538928	508172	0.023809	6256	188204	168171	0.037200	0.107387	0.011440	0.107387	0.011440	0.257703	0.027453
52	G	494	233508	209918	0.002353	923	538665	505130	0.001827	1181	187942	165476	0.007137	0.073707	0.017196	0.073707	0.017196	0.176879	0.041266
53	C	4156	233267	213570	0.019460	9818	538346	510793	0.019221	3123	185720	167572	0.018637	0.012801	0.019254	0.012801	0.019254	0.030719	0.046205
54	G	491	233105	197828	0.002482	309	538107	472229	0.000654	862	185574	155577	0.005541	0.329854	0.024084	0.329854	0.024084	0.791572	0.057796
55	A	960	232951	197846	0.004852	787	537868	471964	0.001668	1563	185405	156429	0.009992	0.318739	0.018602	0.318739	0.018602	0.764898	0.044640
56	G	252	232930	196269	0.001284	578	537838	469439	0.001231	543	185388	155307	0.003496	0.015072	0.027389	0.015072	0.027389	0.036169	0.065727
57	G	866	232860	207045	0.004183	1947	537712	496092	0.003925	1494	185322	163222	0.009153	0.028186	0.018333	0.028186	0.018333	0.067640	0.043995
58	C	384	232823	212913	0.001804	831	537635	507164	0.001639	522	185217	167447	0.003117	0.052938	0.034777	0.052938	0.034777	0.127039	0.083457
59	U	705	232803	216485	0.003257	1149	537600	512035	0.002244	591	185169	169772	0.003481	0.290879	0.041787	0.290879	0.041787	0.698041	0.100279
60	U	355	232799	218125	0.001628	767	537605	514577	0.001491	364	185169	169156	0.002152	0.063648	0.047413	0.063648	0.047413	0.152740	0.113780
61	A	233	232761	218903	0.001064	174	537565	516419	0.000337	2606	185048	171765	0.015172	0.047948	0.004984	0.047948	0.004984	0.115064	0.011960
62	U	1650	232749	218121	0.007565	4145	537561	515702	0.008038	2848	185030	171103	0.016645	-0.028416	0.013480	-0.028416	0.013480	-0.068192	0.032349
63	C	166	232723	218444	0.000760	229	537507	517207	0.000443	561	185000	171642	0.003268	0.097037	0.020556	0.097037	0.020556	0.232866	0.049330
64	C	141	232675	218265	0.000646	189	537431	516024	0.000366	313	184957	171318	0.001827	0.153114	0.034267	0.153114	0.034267	0.367437	0.082233
65	A	1830	232595	216131	0.008467	373	537341	513151	0.000727	2712	184864	169453	0.016004	0.483629	0.015644	0.483629	0.015644	1.160595	0.037542
66	U	1702	232544	215081	0.007913	713	537234	510966	0.001395	985	184813	168430	0.005848	1.114528	0.049160	1.114528	0.049160	2.674604	0.117972
67	U	862	232505	215138	0.004007	520	537141	511535	0.001017	302	184731	168181	0.001796	1.665205	0.124796	1.665205	0.124796	3.996099	0.299481
68	G	894	232481	216050	0.004138	1063	537079	513909	0.002068	848	184700	168357	0.005037	0.410861	0.033356	0.410861	0.033356	0.985969	0.080047
69	C	261	232464	214408	0.001217	363	537041	511437	0.000710	242	184632	166675	0.001452	0.349563	0.062100	0.349563	0.062100	0.838869	0.149025
70	A	3081	232432	212802	0.014478	6243	536973	510739	0.012223	3276	184300	166329	0.019696	0.114480	0.015527	0.114480	0.015527	0.274725	0.037261
71	C	773	232435	209762	0.003685	630	536981	506881	0.001243	325	184139	164624	0.001974	1.237078	0.099225	1.237078	0.099225	2.968695	0.238117
72	U	1344	232383	211957	0.006341	1457	536925	511225	0.002850	1436	183860	166145	0.008643	0.403896	0.024263	0.403896	0.024263	0.969255	0.058225
73	C	2312	232403	214283	0.010789	446	536918	512365	0.000870	775	183742	166567	0.004653	2.131842	0.090932	2.131842	0.090932	5.115917	0.218215
74	C	1152	232336	219220	0.005255	699	536839	518555	0.001348	606	183495	168628	0.003594	1.087183	0.063308	1.087183	0.063308	2.608982	0.151924
75	G	410	232271	218179	0.001879	1057	536745	517640	0.002042	991	183275	166101	0.005966	-0.027282	0.018803	-0.027282	0.018803	-0.065470	0.045123
76	G	125	232162	212399	0.000589	303	536619	507674	0.000597	231	183102	156643	0.001475	-0.005645	0.042601	-0.005645	0.042601	-0.013547	0.102232
77	A	226	232142	209882	0.001077	166	536565	505027	0.000329	2137	183036	156377	0.013666	0.054743	0.005689	0.054743	0.005689	0.131370	0.013652
78	U	280	232115	209770	0.001335	322	536544	505363	0.000637	806	183007	156888	0.005137	0.135794	0.017656	0.135794	0.017656	0.325874	0.042370
79	G	722	232099	204585	0.003529	643	536507	498780	0.001289	1202	182800	154742	0.007768	0.288365	0.019948	0.288365	0.019948	0.692008	0.047870
80	U	230	232048	203891	0.001128	338	536417	496983	0.000680	448	182762	154308	0.002903	0.154291	0.029527	0.154291	0.029527	0.370262	0.070858
81	G	833	231997	201711	0.004130	1619	536349	492160	0.003290	1939	182731	152972	0.012676	0.066277	0.013088	0.066277	0.013088	0.159049	0.031408
82	C	1207	231976	207198	0.005825	2298	536283	499472	0.004601	1531	182714	156263	0.009798	0.124978	0.019976	0.124978	0.019976	0.299918	0.047938
83	U	238	231988	206298	0.001154	502	536271	498256	0.001008	320	182668	155238	0.002061	0.070903	0.042517	0.070903	0.042517	0.170150	0.102031
84	G	158	231955	205045	0.000771	331	536263	495292	0.000668	247	182638	153446	0.001610	0.063534	0.044581	0.063534	0.044581	0.152467	0.106984
85	A	3402	231989	208338	0.016329	4898	536309	499870	0.009799	9358	182647	160832	0.058185	0.112240	0.005503	0.112240	0.005503	0.269349	0.013206
86	C	711	232068	210531	0.003377	1873	536425	502980	0.003724	1249	182676	165360	0.007553	-0.045892	0.020313	-0.045892	0.020313	-0.110130	0.048746
87	C	952	232167	215612	0.004415	2378	536616	513862	0.004628	1129	182773	169464	0.006662	-0.031876	0.025791	-0.031876	0.025791	-0.076495	0.061892
88	C	646	232224	217595	0.002969	1833	536732	517834	0.003540	1346	182822	171128	0.007865	-0.072587	0.018302	-0.072587	0.018302	-0.174192	0.043920
89	C	402	232245	216968	0.001853	842	536688	516162	0.001631	1064	182767	171509	0.006204	0.035710	0.017470	0.035710	0.017470	0.085696	0.041924
90	U	352	232128	216664	0.001625	748	536473	514606	0.001454	520	182667	171344	0.003035	0.056378	0.033570	0.056378	0.033570	0.135294	0.080560
91	G	429	232056	214541	0.002000	779	536403	511363	0.001523	766	182572	165509	0.004628	0.102900	0.024249	0.102900	0.024249	0.246936	0.058192
92	C	846	230688	215254	0.003930	1250	534475	512289	0.002440	1209	177106	162799	0.007426	0.200666	0.021231	0.200666	0.021231	0.481551	0.050949
93	G	404	230208	212198	0.001904	761	533731	504093	0.001510	1014	175018	159243	0.006368	0.061913	0.017289	0.061913	0.017289	0.148577	0.041490
94	A	5629	229890	211629	0.026598	6455	533216	502448	0.012847	2708	174199	158559	0.017079	0.805169	0.027531	0.805169	0.027531	1.932215	0.066068
95	U	704	229765	211880	0.003323	1147	532978	502198	0.002284	2021	173593	158074	0.012785	0.081241	0.011271	0.081241	0.011271	0.194959	0.027048
96	U	334	229646	213982	0.001561	789	532856	509580	0.001548	538	172884	160013	0.003362	0.003731	0.030234	0.003731	0.030234	0.008954	0.072554
97	U	801	229523	213490	0.003752	1859	532667	508437	0.003656	2463	172332	159317	0.015460	0.006186	0.010180	0.006186	0.010180	0.014845	0.024430
98	C	1697	229520	213146	0.007962	4493	532623	507565	0.008852	2208	172259	158267	0.013951	-0.063822	0.016833	-0.063822	0.016833	-0.153158	0.040395
99	C	1916	229470	215816	0.008878	4791	532601	511968	0.009358	2364	172109	160374	0.014741	-0.032568	0.016550	-0.032568	0.016550	-0.078156	0.039716
100	C	241	229521	217107	0.001110	589	532636	515455	0.001143	490	172034	161546	0.003033	-0.010757	0.028230	-0.010757	0.028230	-0.025814	0.067745
101	C	2560	229415	209403	0.012225	6640	532557	510266	0.013013	3841	171902	160402	0.023946	-0.032890	0.012107	-0.032890	0.012107	-0.078928	0.029054
102	A	1176	223073	198610	0.005921	192	526453	499788	0.000384	980	171314	155393	0.006307	0.877969	0.039439	0.877969	0.039439	2.106918	0.094644
103	A	3228	223078	195863	0.016481	495	526406	490829	0.001008	942	171246	151853	0.006203	2.494195	0.094043	2.494195	0.094043	5.985479	0.225681
104	A	2501	223181	193720	0.012910	477	526381	484136	0.000985	796	171211	149229	0.005334	2.235646	0.093236	2.235646	0.093236	5.365022	0.223744
105	U	1536	223591	189065	0.008124	3087	526362	486988	0.006339	1210	171193	148108	0.008170	0.218517	0.029636	0.218517	0.029636	0.524389	0.071119
106	G	1729	223293	186438	0.009274	599	526022	483130	0.001240	1310	170983	146529	0.008940	0.898640	0.035650	0.898640	0.035650	2.156524	0.085552
107	U	9542	223127	190061	0.050205	986	525846	476429	0.002070	2254	170909	146060	0.015432	3.119189	0.073783	3.119189	0.073783	7.485317	0.177062
108	G	749	222971	185039	0.004048	1642	525678	461344	0.003559	2064	170858	142759	0.014458	0.033797	0.011921	0.033797	0.011921	0.081105	0.028608
109	G	308	222653	188698	0.001632	582	525453	465177	0.001251	497	170797	145218	0.003422	0.111354	0.031513	0.111354	0.031513	0.267223	0.075624
110	G	3546	222446	189601	0.018702	8495	525305	467742	0.018162	3261	170742	145235	0.022453	0.024082	0.016518	0.024082	0.016518	0.057791	0.039639
111	A	148	222353	192920	0.000767	230	525237	477199	0.000482	655	170694	146992	0.004456	0.063998	0.016043	0.063998	0.016043	0.153580	0.038499
112	A	151	222180	192268	0.000785	261	525039	475339	0.000549	272	170657	146493	0.001857	0.127255	0.039742	0.127255	0.039742	0.305382	0.095371
113	A	626	221981	191409	0.003270	635	524669	472889	0.001343	1005	170291	145955	0.006886	0.279954	0.022322	0.279954	0.022322	0.671823	0.053568
114	C	1980	222130	193064	0.010256	2642	524412	473653	0.005578	1151	170295	147099	0.007825	0.597820	0.037020	0.597820	0.037020	1.434627	0.088839
115	U	460	222035	196020	0.002347	636	524300	479193	0.001327	713	170225	148723	0.004794	0.212648	0.026548	0.212648	0.026548	0.510305	0.063709
116	C	1963	221775	198786	0.009875	3367	524067	485428	0.006936	2029	170128	150736	0.013461	0.218325	0.019404	0.218325	0.019404	0.523928	0.046565
117	G	230	221576	198815	0.001157	403	523804	485058	0.000831	407	169970	149070	0.002730	0.119412	0.032333	0.119412	0.032333	0.286561	0.077592
118	A	454	221335	199007	0.002281	469	523495	484325	0.000968	2845	169887	151598	0.018767	0.069963	0.006320	0.069963	0.006320	0.167895	0.015167
119	C	556	221136	198310	0.002804	1307	523295	483503	0.002703	665	169863	151595	0.004387	0.022911	0.032032	0.022911	0.032032	0.054981	0.076869
120	U	1036	221070	202335	0.005120	2504	523229	491511	0.005094	959	169786	154536	0.006206	0.004146	0.030435	0.004146	0.030435	0.009949	0.073037
121	G	1148	221027	205952	0.005574	2690	523186	499072	0.005390	1222	169745	157467	0.007760	0.023724	0.025084	0.023724	0.025084	0.056932	0.060196
122	C	158	220984	205197	0.000770	466	523134	498273	0.000935	238	169733	156506	0.001521	-0.108659	0.049839	-0.108659	0.049839	-0.260756	0.119602
123	A	195	220916	201270	0.000969	134	523065	493348	0.000272	343	169678	153564	0.002234	0.312158	0.036869	0.312158	0.036869	0.749105	0.088477
124	U	3033	220891	193349	0.015687	1823	523046	479425	0.003802	2009	169660	147331	0.013636	0.871533	0.029276	0.871533	0.029276	2.091473	0.070255
125	A	307	220884	186094	0.001650	347	523022	468000	0.000741	931	169652	141929	0.006560	0.138461	0.016231	0.138461	0.016231	0.332274	0.038951
126	A	527	220861	180836	0.002914	648	523012	456873	0.001418	2144	169632	138237	0.015510	0.096450	0.009178	0.096450	0.009178	0.231457	0.022025
127	U	6471	220838	180450	0.035860	12886	522985	454736	0.028337	6361	169617	138529	0.045918	0.163835	0.011315	0.163835	0.011315	0.393165	0.027153
128	U	6136	220803	186619	0.032880	13161	522952	465615	0.028266	4174	169576	142719	0.029246	0.157763	0.016820	0.157763	0.016820	0.378594	0.040364
129	U	139	220699	192752	0.000721	324	522848	477875	0.000678	214	169489	147200	0.001454	0.029669	0.049452	0.029669	0.049452	0.071199	0.118673
130	G	1256	220584	190941	0.006578	673	522721	478052	0.001408	2320	169393	145390	0.015957	0.324004	0.013860	0.324004	0.013860	0.777533	0.033261
131	U	249	220413	189996	0.001311	445	522492	477938	0.000931	645	169253	144950	0.004450	0.085278	0.021401	0.085278	0.021401	0.204647	0.051357
132	G	755	220275	186089	0.004057	819	522349	472719	0.001733	2345	169117	141931	0.016522	0.140700	0.010086	0.140700	0.010086	0.337647	0.024204
133	G	498	220124	185725	0.002681	777	522159	471916	0.001646	827	168980	141375	0.005850	0.176916	0.023701	0.176916	0.023701	0.424557	0.056877
134	U	197	220023	179438	0.001098	277	522055	459586	0.000603	160	168871	135602	0.001180	0.419651	0.080233	0.419651	0.080233	1.007063	0.192540
135	A	2777	219830	180090	0.015420	723	521927	462533	0.001563	3152	168739	135967	0.023182	0.597743	0.016702	0.597743	0.016702	1.434442	0.040081
136	G	2149	219711	180771	0.011888	244	521858	459845	0.000531	1083	168632	135899	0.007969	1.425165	0.054121	1.425165	0.054121	3.420059	0.129878
137	U	4694	219468	183152	0.025629	896	521701	470573	0.001904	2267	168425	137452	0.016493	1.438482	0.037974	1.438482	0.037974	3.452017	0.091129
138	G	530	219277	182287	0.002908	1379	521561	469874	0.002935	1363	168258	136907	0.009956	-0.002745	0.014965	-0.002745	0.014965	-0.006587	0.035912
139	G	126	218998	172790	0.000729	366	521361	450873	0.000812	343	168036	129503	0.002649	-0.031167	0.029344	-0.031167	0.029344	-0.074793	0.070419
140	G	71	218738	141565	0.000502	197	521101	398775	0.000494	139	167617	107193	0.001297	0.005802	0.053328	0.005802	0.053328	0.013923	0.127975
141	G	131	218598	117198	0.001118	539	520908	365682	0.001474	173	167055	88893	0.001946	-0.183023	0.061449	-0.183023	0.061449	-0.439212	0.147463
142	G	84	217588	80537	0.001043	289	518825	257556	0.001122	169	165084	59918	0.002821	-0.028040	0.046693	-0.028040	0.046693	-0.067289	0.112052
143	A	216	207368	85193	0.002535	356	481413	240319	0.001481	1588	156072	62927	0.025236	0.041769	0.007584	0.041769	0.007584	0.100236	0.018200
144	C	117	193701	95797	0.001221	350	436164	226466	0.001545	132	146880	68282	0.001933	-0.167681	0.073828	-0.167681	0.073828	-0.402395	0.177170
145	U	443	177203	93593	0.004733	1354	386077	195708	0.006918	556	133759	67086	0.008288	-0.263664	0.037094	-0.263664	0.037094	-0.632731	0.089017
146	G	374	158307	100773	0.003711	957	326410	212745	0.004498	395	120685	70786	0.005580	-0.141040	0.043728	-0.141040	0.043728	-0.338463	0.104937
147	C	2202	153907	108791	0.020241	5585	323242	231064	0.024171	2375	116165	77655	0.030584	-0.128503	0.017824	-0.128503	0.017824	-0.308377	0.042773
148	G	167	152440	116046	0.001439	464	322674	245126	0.001893	130	114455	86400	0.001505	-0.301615	0.097921	-0.301615	0.097921	-0.723805	0.234987
149	U	565	151949	117229	0.004820	1297	322501	247768	0.005235	499	113800	87561	0.005699	-0.072840	0.043898	-0.072840	0.043898	-0.174799	0.105345
150	U	125	151825	119590	0.001045	214	322437	253911	0.000843	100	113594	89142	0.001122	0.180444	0.099541	0.180444	0.099541	0.433023	0.238875
151	C	457	151769	129744	0.003522	1004	322399	276064	0.003637	347	113514	96598	0.003592	-0.031879	0.055926	-0.031879	0.055926	-0.076502	0.134209
152	G	1686	151736	136719	0.012332	3218	322373	291197	0.011051	236	113473	101996	0.002314	0.553598	0.158855	0.553598	0.158855	1.328504	0.381214
153	C	70	151714	145005	0.000483	192	322325	308404	0.000623	66	113442	108503	0.000608	-0.229859	0.123507	-0.229859	0.123507	-0.551607	0.296388
154	G	103	151689	143154	0.000720	243	322300	304847	0.000797	78	113410	106685	0.000731	-0.106160	0.120161	-0.106160	0.120161	-0.254759	0.288358
155	C	48	151668	142085	0.000338	132	322281	302322	0.000437	58	113374	106083	0.000547	-0.180697	0.115535	-0.180697	0.115535	-0.433630	0.277257
156	U	702	151645	139450	0.005034	1537	322262	296891	0.005177	518	113337	104140	0.004974	-0.028733	0.046534	-0.028733	0.046534	-0.068952	0.111671
157	U	152	151630	138773	0.001095	349	322241	295271	0.001182	106	113316	103817	0.001021	-0.084867	0.107139	-0.084867	0.107139	-0.203661	0.257108
158	U	341	151615	136375	0.002500	722	322228	290151	0.002488	276	113303	101873	0.002709	0.004466	0.060551	0.004466	0.060551	0.010717	0.145308
159	C	1076	151608	133128	0.008082	2540	322222	282871	0.008979	970	113289	99236	0.009775	-0.091759	0.031247	-0.091759	0.031247	-0.220200	0.074985
160	C	627	151597	128408	0.004883	1377	322210	272391	0.005055	471	113276	95487	0.004933	-0.034943	0.048252	-0.034943	0.048252	-0.083855	0.115793
161	C	66	151573	124909	0.000528	135	322176	264273	0.000511	72	113261	92825	0.000776	0.022625	0.101247	0.022625	0.101247	0.054295	0.242969
162	C	106	151086	127757	0.000830	232	321175	270302	0.000858	79	112874	95019	0.000831	-0.034398	0.118337	-0.034398	0.118337	-0.082547	0.283981
163	U	2377	150945	134418	0.017684	5212	320879	284980	0.018289	1716	112750	100151	0.017134	-0.035331	0.025835	-0.035331	0.025835	-0.084786	0.061998
164	G	0	149499	0	nan	0	317772	0	nan	0	111701	0	nan	nan	nan	nan	nan	nan	nan