Nucleotide	Sequence	Modified_mutations	Modified_read_depth	Modified_effective_depth	Modified_rate	Untreated_mutations	Untreated_read_depth	Untreated_effective_depth	Untreated_rate	Denatured_mutations	Denatured_read_depth	Denatured_effective_depth	Denatured_rate	Reactivity_profile	Std_err	HQ_profile	HQ_stderr	Norm_profile	Norm_stderr
1	A	0	94766	85207	0.000000	0	77947	69603	0.000000	0	0	0	nan	0.000000	0.000000	0.000000	0.000000	0.000000	0.000000
2	U	0	95880	85592	0.000000	0	78844	69595	0.000000	0	0	0	nan	0.000000	0.000000	0.000000	0.000000	0.000000	0.000000
3	A	14	96254	93123	0.000150	9	79191	74979	0.000120	0	0	0	nan	0.000030	0.000057	0.000030	0.000057	0.048166	0.091515
4	C	20	96486	93726	0.000213	21	79357	76013	0.000276	0	0	0	nan	-0.000063	0.000077	-0.000063	0.000077	-0.101149	0.123626
5	U	98	96675	93062	0.001053	63	79558	75919	0.000830	0	0	0	nan	0.000223	0.000149	0.000223	0.000149	0.358034	0.239224
6	U	19	96696	89985	0.000211	18	79574	72743	0.000247	0	0	0	nan	-0.000036	0.000076	-0.000036	0.000076	-0.057799	0.122021
7	A	62	96700	89306	0.000694	43	79580	71915	0.000598	0	0	0	nan	0.000096	0.000127	0.000096	0.000127	0.154131	0.203903
8	C	91	96709	90291	0.001008	92	79582	72617	0.001267	0	0	0	nan	-0.000259	0.000169	-0.000259	0.000169	-0.415833	0.271335
9	C	38	96711	93167	0.000408	16	79585	75284	0.000213	0	0	0	nan	0.000195	0.000085	0.000195	0.000085	0.313079	0.136470
10	U	54	96712	95021	0.000568	48	79586	77482	0.000619	0	0	0	nan	-0.000051	0.000118	-0.000051	0.000118	-0.081882	0.189453
11	G	121	96712	95277	0.001270	77	79586	77825	0.000989	0	0	0	nan	0.000281	0.000161	0.000281	0.000161	0.451155	0.258491
12	G	75	96715	95159	0.000788	45	79587	77228	0.000583	0	0	0	nan	0.000205	0.000126	0.000205	0.000126	0.329134	0.202297
13	C	68	96716	94304	0.000721	49	79587	76187	0.000643	0	0	0	nan	0.000078	0.000127	0.000078	0.000127	0.125232	0.203903
14	A	96	96716	94305	0.001018	77	79587	76195	0.001011	0	0	0	nan	0.000007	0.000155	0.000007	0.000155	0.011239	0.248858
15	G	195	96717	95358	0.002045	150	79587	77829	0.001927	0	0	0	nan	0.000118	0.000215	0.000118	0.000215	0.189453	0.345190
16	G	87	96717	96513	0.000901	48	79590	79243	0.000606	0	0	0	nan	0.000296	0.000130	0.000296	0.000130	0.475238	0.208719
17	G	99	96718	96432	0.001027	78	79590	79215	0.000985	0	0	0	nan	0.000042	0.000152	0.000042	0.000152	0.067432	0.244041
18	G	66	96718	94663	0.000697	33	79590	77360	0.000427	0	0	0	nan	0.000271	0.000113	0.000271	0.000113	0.435099	0.181425
19	A	120	96718	92479	0.001298	94	79590	75423	0.001246	0	0	0	nan	0.000051	0.000175	0.000051	0.000175	0.081882	0.280968
20	G	102	96718	88128	0.001157	55	79591	71874	0.000765	0	0	0	nan	0.000392	0.000154	0.000392	0.000154	0.629369	0.247252
21	A	71	96714	88266	0.000804	43	79588	71698	0.000600	0	0	0	nan	0.000205	0.000132	0.000205	0.000132	0.329134	0.211930
22	U	116	96713	89810	0.001292	41	79589	72792	0.000563	0	0	0	nan	0.000728	0.000149	0.000728	0.000149	1.168828	0.239224
23	A	52	96713	92977	0.000559	44	79588	74826	0.000588	0	0	0	nan	-0.000029	0.000118	-0.000029	0.000118	-0.046560	0.189453
24	C	62	96707	90964	0.000682	57	79583	73543	0.000775	0	0	0	nan	-0.000093	0.000134	-0.000093	0.000134	-0.149315	0.215141
25	C	42	96678	90918	0.000462	26	79562	73687	0.000353	0	0	0	nan	0.000109	0.000099	0.000109	0.000099	0.175003	0.158948
26	A	49	96670	91675	0.000534	22	79552	74275	0.000296	0	0	0	nan	0.000238	0.000099	0.000238	0.000099	0.382117	0.158948
27	U	0	96662	94099	0.000000	0	79540	76338	0.000000	0	0	0	nan	0.000000	0.000000	0.000000	0.000000	0.000000	0.000000
28	G	0	96655	93580	0.000000	2	79535	75511	0.000026	0	0	0	nan	-0.000026	0.000019	-0.000026	0.000019	-0.041744	0.030505
29	A	0	96633	94019	0.000000	0	79498	76246	0.000000	0	0	0	nan	0.000000	0.000000	0.000000	0.000000	0.000000	0.000000
30	U	1	96632	93211	0.000011	0	79494	75361	0.000000	0	0	0	nan	0.000011	0.000011	0.000011	0.000011	0.017661	0.017661
31	C	0	96620	92683	0.000000	0	79481	75039	0.000000	0	0	0	nan	0.000000	0.000000	0.000000	0.000000	0.000000	0.000000
32	A	0	96605	92581	0.000000	0	79466	75128	0.000000	0	0	0	nan	0.000000	0.000000	0.000000	0.000000	0.000000	0.000000
33	U	89327	96592	89367	0.999552	72989	79465	73017	0.999617	0	0	0	nan	-0.000064	0.004987	nan	nan	nan	nan
34	G	41	96592	88524	0.000463	25	79465	72024	0.000347	0	0	0	nan	0.000116	0.000100	0.000116	0.000100	0.186242	0.160553
35	A	32	96588	86319	0.000371	11	79459	69752	0.000158	0	0	0	nan	0.000213	0.000081	0.000213	0.000081	0.341979	0.130048
36	A	26	96585	86356	0.000301	23	79458	69790	0.000330	0	0	0	nan	-0.000028	0.000091	-0.000028	0.000091	-0.044955	0.146103
37	G	228	96583	88913	0.002564	185	79462	72667	0.002546	0	0	0	nan	0.000018	0.000253	0.000018	0.000253	0.028900	0.406200
38	G	0	96589	89967	0.000000	0	79465	73561	0.000000	0	0	0	nan	0.000000	0.000000	0.000000	0.000000	0.000000	0.000000
39	U	0	96601	61700	0.000000	1	79468	49185	0.000020	0	0	0	nan	-0.000020	0.000020	-0.000020	0.000020	-0.032111	0.032111
40	G	0	96665	58851	0.000000	0	79505	47080	0.000000	0	0	0	nan	0.000000	0.000000	0.000000	0.000000	0.000000	0.000000
41	G	5	96967	59202	0.000084	3	79697	45813	0.000065	0	0	0	nan	0.000019	0.000053	0.000019	0.000053	0.030505	0.085093
42	U	1	99435	61006	0.000016	0	81880	46651	0.000000	0	0	0	nan	0.000016	0.000016	0.000016	0.000016	0.025689	0.025689
43	U	0	99423	60510	0.000000	1	81851	45802	0.000022	0	0	0	nan	-0.000022	0.000022	-0.000022	0.000022	-0.035322	0.035322
44	C	61020	99389	61099	0.998707	47499	81793	47549	0.998948	0	0	0	nan	-0.000241	0.006112	nan	nan	nan	nan
45	U	290	119274	115032	0.002521	155	99023	94175	0.001646	0	0	0	nan	0.000875	0.000198	0.000875	0.000198	1.404841	0.317896
46	C	391	120860	116407	0.003359	286	100396	95410	0.002998	0	0	0	nan	0.000361	0.000246	0.000361	0.000246	0.579597	0.394961
47	C	191	121102	116743	0.001636	101	100585	95265	0.001060	0	0	0	nan	0.000576	0.000159	0.000576	0.000159	0.924787	0.255280
48	C	88	121161	115314	0.000763	47	100615	92941	0.000506	0	0	0	nan	0.000257	0.000110	0.000257	0.000110	0.412622	0.176609
49	A	110	121161	115643	0.000951	69	100608	93464	0.000738	0	0	0	nan	0.000213	0.000127	0.000213	0.000127	0.341979	0.203903
50	G	119	121173	115874	0.001027	53	100610	93982	0.000564	0	0	0	nan	0.000463	0.000122	0.000463	0.000122	0.743362	0.195875
51	G	176	121165	117847	0.001493	112	100596	96967	0.001155	0	0	0	nan	0.000338	0.000157	0.000338	0.000157	0.542670	0.252069
52	G	288	121158	117120	0.002459	181	100572	94649	0.001912	0	0	0	nan	0.000547	0.000203	0.000547	0.000203	0.878227	0.325923
53	C	87	121149	119159	0.000730	56	100546	96634	0.000580	0	0	0	nan	0.000151	0.000110	0.000151	0.000110	0.242435	0.176609
54	G	24	121145	115461	0.000208	8	100539	91619	0.000087	0	0	0	nan	0.000121	0.000052	0.000121	0.000052	0.194269	0.083488
55	A	25	121137	115276	0.000217	2	100510	91786	0.000022	0	0	0	nan	0.000195	0.000046	0.000195	0.000046	0.313079	0.073855
56	G	0	121134	114840	0.000000	0	100509	91405	0.000000	0	0	0	nan	0.000000	0.000000	0.000000	0.000000	0.000000	0.000000
57	G	0	121056	116295	0.000000	0	100425	94040	0.000000	0	0	0	nan	0.000000	0.000000	0.000000	0.000000	0.000000	0.000000
58	C	0	121037	115304	0.000000	0	100393	94844	0.000000	0	0	0	nan	0.000000	0.000000	0.000000	0.000000	0.000000	0.000000
59	U	0	121018	113032	0.000000	0	100370	93003	0.000000	0	0	0	nan	0.000000	0.000000	0.000000	0.000000	0.000000	0.000000
60	C	4	120989	10821	0.000370	10	100322	8788	0.001138	0	0	0	nan	-0.000768	0.000405	-0.000768	0.000405	-1.233049	0.650241
61	A	0	120987	10813	0.000000	0	100319	8782	0.000000	0	0	0	nan	0.000000	0.000000	0.000000	0.000000	0.000000	0.000000
62	G	105502	120981	105503	0.999991	85846	100301	85851	0.999942	0	0	0	nan	0.000049	0.004596	nan	nan	nan	nan
63	C	50	120992	116246	0.000430	39	100312	95954	0.000406	0	0	0	nan	0.000024	0.000089	0.000024	0.000089	0.038533	0.142892
64	C	80	120986	114806	0.000697	31	100295	93885	0.000330	0	0	0	nan	0.000367	0.000098	0.000367	0.000098	0.589231	0.157342
65	A	232	120951	114190	0.002032	27	100261	93244	0.000290	0	0	0	nan	0.001742	0.000145	0.001742	0.000145	2.796838	0.232802
66	U	420	120942	110649	0.003796	94	100248	89593	0.001049	0	0	0	nan	0.002747	0.000215	0.002747	0.000215	4.410399	0.345190
67	U	132	120919	112456	0.001174	27	100221	91687	0.000294	0	0	0	nan	0.000879	0.000117	0.000879	0.000117	1.411263	0.187847
68	G	183	120916	113814	0.001608	147	100207	93094	0.001579	0	0	0	nan	0.000029	0.000176	0.000029	0.000176	0.046560	0.282574
69	C	56	120900	117703	0.000476	62	100191	96933	0.000640	0	0	0	nan	-0.000164	0.000103	-0.000164	0.000103	-0.263307	0.165370
70	A	1449	120892	116581	0.012429	1180	100180	96210	0.012265	0	0	0	nan	0.000164	0.000484	0.000164	0.000484	0.263307	0.777078
71	C	0	120893	115644	0.000000	0	100179	95373	0.000000	0	0	0	nan	0.000000	0.000000	0.000000	0.000000	0.000000	0.000000
72	U	0	120894	115462	0.000000	0	100179	95441	0.000000	0	0	0	nan	0.000000	0.000000	0.000000	0.000000	0.000000	0.000000
73	C	0	120899	115778	0.000000	0	100185	95863	0.000000	0	0	0	nan	0.000000	0.000000	0.000000	0.000000	0.000000	0.000000
74	C	4	120891	117130	0.000034	4	100180	97296	0.000041	0	0	0	nan	-0.000007	0.000027	-0.000007	0.000027	-0.011239	0.043349
75	G	1	120892	117139	0.000009	1	100181	97611	0.000010	0	0	0	nan	-0.000002	0.000013	-0.000002	0.000013	-0.003211	0.020872
76	G	12	120888	112405	0.000107	2	100175	92055	0.000022	0	0	0	nan	0.000085	0.000034	0.000085	0.000034	0.136470	0.054588
77	U	78279	120873	78297	0.999770	61903	100160	61908	0.999919	0	0	0	nan	-0.000149	0.005378	nan	nan	nan	nan
78	U	39	120874	75286	0.000518	26	100159	59156	0.000440	0	0	0	nan	0.000079	0.000120	0.000079	0.000120	0.126837	0.192664
79	G	77	120875	74810	0.001029	34	100159	58529	0.000581	0	0	0	nan	0.000448	0.000154	0.000448	0.000154	0.719279	0.247252
80	U	46	120882	77509	0.000593	36	100161	61381	0.000587	0	0	0	nan	0.000007	0.000131	0.000007	0.000131	0.011239	0.210325
81	G	161	121106	81078	0.001986	78	100354	64841	0.001203	0	0	0	nan	0.000783	0.000207	0.000783	0.000207	1.257132	0.332345
82	C	95	121230	83870	0.001133	68	100471	68116	0.000998	0	0	0	nan	0.000134	0.000168	0.000134	0.000168	0.215141	0.269730
83	U	47	121455	60207	0.000781	25	100700	47567	0.000526	0	0	0	nan	0.000255	0.000155	0.000255	0.000155	0.409411	0.248858
84	G	57	121462	59743	0.000954	30	100698	47512	0.000631	0	0	0	nan	0.000323	0.000171	0.000323	0.000171	0.518587	0.274546
85	A	580	121681	61228	0.009473	309	100948	48748	0.006339	0	0	0	nan	0.003134	0.000534	0.003134	0.000534	5.031740	0.857355
86	C	150	121894	110993	0.001351	114	101168	91400	0.001247	0	0	0	nan	0.000104	0.000161	0.000104	0.000161	0.166975	0.258491
87	C	400	122064	116615	0.003430	270	101334	96109	0.002809	0	0	0	nan	0.000621	0.000242	0.000621	0.000242	0.997036	0.388539
88	C	204	122185	117710	0.001733	117	101482	97044	0.001206	0	0	0	nan	0.000527	0.000165	0.000527	0.000165	0.846116	0.264913
89	C	175	122228	119571	0.001464	115	101524	98751	0.001165	0	0	0	nan	0.000299	0.000155	0.000299	0.000155	0.480054	0.248858
90	U	116	122204	119695	0.000969	64	101477	98927	0.000647	0	0	0	nan	0.000322	0.000121	0.000322	0.000121	0.516982	0.194269
91	G	221	122204	119649	0.001847	168	101468	98932	0.001698	0	0	0	nan	0.000149	0.000181	0.000149	0.000181	0.239224	0.290601
92	C	237	122197	119261	0.001987	201	101461	98631	0.002038	0	0	0	nan	-0.000051	0.000193	-0.000051	0.000193	-0.081882	0.309868
93	G	52	122198	110578	0.000470	34	101458	92230	0.000369	0	0	0	nan	0.000102	0.000091	0.000102	0.000091	0.163764	0.146103
94	A	355	122197	107842	0.003292	221	101452	89575	0.002467	0	0	0	nan	0.000825	0.000241	0.000825	0.000241	1.324565	0.386933
95	U	150	122197	106584	0.001407	104	101465	88150	0.001180	0	0	0	nan	0.000228	0.000163	0.000228	0.000163	0.366062	0.261702
96	U	99	122209	114637	0.000864	90	101476	93658	0.000961	0	0	0	nan	-0.000097	0.000133	-0.000097	0.000133	-0.155737	0.213536
97	U	414	122210	117832	0.003513	308	101475	96820	0.003181	0	0	0	nan	0.000332	0.000250	0.000332	0.000250	0.533037	0.401383
98	C	615	122207	117847	0.005219	518	101477	97274	0.005325	0	0	0	nan	-0.000107	0.000315	-0.000107	0.000315	-0.171792	0.505743
99	C	2453	122215	118489	0.020702	1996	101486	97888	0.020391	0	0	0	nan	0.000312	0.000619	0.000312	0.000619	0.500926	0.993825
100	C	344	122238	118456	0.002904	224	101494	97825	0.002290	0	0	0	nan	0.000614	0.000219	0.000614	0.000219	0.985797	0.351612
101	C	2484	122241	120374	0.020636	1759	101487	99412	0.017694	0	0	0	nan	0.002942	0.000591	0.002942	0.000591	4.723478	0.948870
102	A	251	122234	119888	0.002094	13	101479	98974	0.000131	0	0	0	nan	0.001962	0.000137	0.001962	0.000137	3.150056	0.219958
103	A	278	122226	119049	0.002335	20	101462	97995	0.000204	0	0	0	nan	0.002131	0.000147	0.002131	0.000147	3.421391	0.236013
104	A	184	122217	116394	0.001581	39	101454	95543	0.000408	0	0	0	nan	0.001173	0.000134	0.001173	0.000134	1.883290	0.215141
105	U	94	122211	115694	0.000812	57	101443	96182	0.000593	0	0	0	nan	0.000220	0.000115	0.000220	0.000115	0.353217	0.184636
106	G	284	122210	115021	0.002469	127	101442	95409	0.001331	0	0	0	nan	0.001138	0.000188	0.001138	0.000188	1.827096	0.301840
107	C	1332	122210	118822	0.011210	174	101442	98183	0.001772	0	0	0	nan	0.009438	0.000335	0.009438	0.000335	15.153020	0.537854
108	G	394	122209	118655	0.003321	285	101441	97844	0.002913	0	0	0	nan	0.000408	0.000240	0.000408	0.000240	0.655057	0.385328
109	G	129	122209	117877	0.001094	105	101437	97938	0.001072	0	0	0	nan	0.000022	0.000142	0.000022	0.000142	0.035322	0.227986
110	G	5593	122204	113678	0.049200	4508	101427	94355	0.047777	0	0	0	nan	0.001423	0.000969	0.001423	0.000969	2.284673	1.555761
111	A	28	122187	112001	0.000250	21	101407	92778	0.000226	0	0	0	nan	0.000024	0.000068	0.000024	0.000068	0.038533	0.109176
112	A	17	122164	113352	0.000150	7	101384	93539	0.000075	0	0	0	nan	0.000075	0.000046	0.000075	0.000046	0.120415	0.073855
113	A	126	122146	115379	0.001092	31	101347	95024	0.000326	0	0	0	nan	0.000766	0.000114	0.000766	0.000114	1.229838	0.183031
114	C	216	122084	117976	0.001831	29	101270	97102	0.000299	0	0	0	nan	0.001532	0.000136	0.001532	0.000136	2.459676	0.218352
115	U	126	122059	117291	0.001074	52	101246	96889	0.000537	0	0	0	nan	0.000538	0.000121	0.000538	0.000121	0.863777	0.194269
116	C	82	122021	117782	0.000696	41	101205	97434	0.000421	0	0	0	nan	0.000275	0.000101	0.000275	0.000101	0.441522	0.162159
117	G	282	121928	114128	0.002471	179	101141	94004	0.001904	0	0	0	nan	0.000567	0.000205	0.000567	0.000205	0.910337	0.329134
118	A	3158	121892	114428	0.027598	2621	101097	94214	0.027820	0	0	0	nan	-0.000222	0.000732	-0.000222	0.000732	-0.356428	1.175250
119	C	198	121877	113429	0.001746	145	101074	93040	0.001558	0	0	0	nan	0.000187	0.000179	0.000187	0.000179	0.300235	0.287390
120	U	209	121856	112619	0.001856	176	101038	92327	0.001906	0	0	0	nan	-0.000050	0.000193	-0.000050	0.000193	-0.080277	0.309868
121	G	83	121852	109529	0.000758	64	101030	89600	0.000714	0	0	0	nan	0.000044	0.000122	0.000044	0.000122	0.070643	0.195875
122	C	47	121840	57577	0.000816	29	101017	45347	0.000640	0	0	0	nan	0.000177	0.000168	0.000177	0.000168	0.284179	0.269730
123	A	19	121828	57451	0.000331	14	101007	45109	0.000310	0	0	0	nan	0.000020	0.000112	0.000020	0.000112	0.032111	0.179820
124	U	0	121826	57827	0.000000	0	100993	45231	0.000000	0	0	0	nan	0.000000	0.000000	0.000000	0.000000	0.000000	0.000000
125	A	1	121822	108302	0.000009	0	100983	88215	0.000000	0	0	0	nan	0.000009	0.000009	0.000009	0.000009	0.014450	0.014450
126	A	0	121818	108012	0.000000	0	100983	87994	0.000000	0	0	0	nan	0.000000	0.000000	0.000000	0.000000	0.000000	0.000000
127	U	0	121816	110891	0.000000	0	100982	90760	0.000000	0	0	0	nan	0.000000	0.000000	0.000000	0.000000	0.000000	0.000000
128	U	1	121816	117695	0.000008	0	100980	96612	0.000000	0	0	0	nan	0.000008	0.000008	0.000008	0.000008	0.012844	0.012844
129	U	0	121784	118157	0.000000	0	100954	96866	0.000000	0	0	0	nan	0.000000	0.000000	0.000000	0.000000	0.000000	0.000000
130	C	73804	121661	73804	1.000000	60928	100836	60928	1.000000	0	0	0	nan	0.000000	0.005474	nan	nan	nan	nan
131	U	46	121659	73925	0.000622	53	100836	61180	0.000866	0	0	0	nan	-0.000244	0.000150	-0.000244	0.000150	-0.391750	0.240830
132	G	103	121655	73996	0.001392	52	100832	61206	0.000850	0	0	0	nan	0.000542	0.000181	0.000542	0.000181	0.870199	0.290601
133	G	10	121629	67738	0.000148	10	100784	58095	0.000172	0	0	0	nan	-0.000025	0.000072	-0.000025	0.000072	-0.040138	0.115598
134	U	70	121452	64913	0.001078	46	100575	55450	0.000830	0	0	0	nan	0.000249	0.000178	0.000249	0.000178	0.399778	0.285785
135	A	64	121448	64824	0.000987	64	100570	55394	0.001155	0	0	0	nan	-0.000168	0.000190	-0.000168	0.000190	-0.269730	0.305051
136	G	61	121447	70802	0.000862	43	100569	58956	0.000729	0	0	0	nan	0.000132	0.000157	0.000132	0.000157	0.211930	0.252069
137	U	278	121400	78741	0.003531	171	100512	64477	0.002652	0	0	0	nan	0.000878	0.000293	0.000878	0.000293	1.409658	0.470421
138	G	249	121385	83140	0.002995	206	100491	67951	0.003032	0	0	0	nan	-0.000037	0.000284	-0.000037	0.000284	-0.059405	0.455971
139	G	51	121264	105929	0.000481	40	100393	85611	0.000467	0	0	0	nan	0.000014	0.000100	0.000014	0.000100	0.022477	0.160553
140	G	294	120607	43372	0.006779	257	99700	35227	0.007296	0	0	0	nan	-0.000517	0.000603	-0.000517	0.000603	-0.830061	0.968136
141	G	11292	47005	19130	0.590277	9497	38719	15721	0.604096	0	0	0	nan	-0.013819	0.008324	nan	nan	nan	nan
142	G	6669	31694	12448	0.535749	5517	26551	10317	0.534748	0	0	0	nan	0.001000	0.009740	nan	nan	nan	nan
143	A	6713	20482	12667	0.529960	5465	17275	10362	0.527408	0	0	0	nan	0.002552	0.009630	nan	nan	nan	nan
144	C	2	14345	403	0.004963	0	11962	312	0.000000	0	0	0	nan	0.004963	0.003509	nan	nan	nan	nan
145	U	0	456	0	nan	0	371	0	nan	0	0	0	nan	nan	nan	nan	nan	nan	nan