Nucleotide	Sequence	Modified_mutations	Modified_read_depth	Modified_effective_depth	Modified_rate	Untreated_mutations	Untreated_read_depth	Untreated_effective_depth	Untreated_rate	Denatured_mutations	Denatured_read_depth	Denatured_effective_depth	Denatured_rate	Reactivity_profile	Std_err	HQ_profile	HQ_stderr	Norm_profile	Norm_stderr
1	A	0	283070	262221	0.000000	0	390377	363096	0.000000	0	120793	113411	0.000000	nan	nan	nan	nan	nan	nan
2	U	0	283819	249603	0.000000	0	391319	344047	0.000000	0	121132	108424	0.000000	nan	nan	nan	nan	nan	nan
3	A	61	284211	256571	0.000238	67	391897	351216	0.000191	33	121336	111015	0.000297	0.158062	0.131875	0.158062	0.131875	0.387427	0.323240
4	C	87	284549	257992	0.000337	113	392312	351487	0.000321	32	121462	111175	0.000288	0.054644	0.164044	0.054644	0.164044	0.133938	0.402090
5	U	432	284869	269676	0.001602	590	392695	368039	0.001603	187	121612	115552	0.001618	-0.000722	0.062700	-0.000722	0.062700	-0.001770	0.153685
6	U	80	284984	265920	0.000301	125	392803	362763	0.000345	51	121641	113383	0.000450	-0.097232	0.102332	-0.097232	0.102332	-0.238326	0.250827
7	A	163	285060	265570	0.000614	218	392838	361093	0.000604	86	121667	113074	0.000761	0.013216	0.082992	0.013216	0.082992	0.032394	0.203422
8	C	232	285136	265850	0.000873	301	392864	360633	0.000835	285	121704	113249	0.002517	0.015111	0.029741	0.015111	0.029741	0.037039	0.072898
9	C	103	285235	268148	0.000384	122	392878	363335	0.000336	69	121742	114623	0.000602	0.080299	0.081221	0.080299	0.081221	0.196822	0.199082
10	U	456	285347	269292	0.001693	502	392889	365870	0.001372	141	121812	115314	0.001223	0.262734	0.084874	0.262734	0.084874	0.643990	0.208035
11	G	558	285468	268126	0.002081	623	392918	363793	0.001713	173	121937	114795	0.001507	0.244586	0.076394	0.244586	0.076394	0.599507	0.187250
12	G	394	285597	268938	0.001465	520	392950	364656	0.001426	119	122108	115274	0.001032	0.037798	0.093772	0.037798	0.093772	0.092647	0.229845
13	C	188	285797	252983	0.000743	266	392983	341255	0.000779	78	122367	109238	0.000714	-0.050898	0.101364	-0.050898	0.101364	-0.124757	0.248454
14	A	245	286285	254408	0.000963	377	393349	344181	0.001095	161	122829	110479	0.001457	-0.090808	0.057725	-0.090808	0.057725	-0.222580	0.141490
15	G	631	287092	256740	0.002458	971	393676	346880	0.002799	359	123457	111496	0.003220	-0.106061	0.041630	-0.106061	0.041630	-0.259967	0.102040
16	G	280	288934	277744	0.001008	358	394062	374955	0.000955	420	124507	120192	0.003494	0.015265	0.022502	0.015265	0.022502	0.037416	0.055155
17	G	516	292442	280304	0.001841	859	394504	374731	0.002292	211	126371	121627	0.001735	-0.260231	0.067348	-0.260231	0.067348	-0.637855	0.165077
18	G	226	300368	267986	0.000843	377	395219	343975	0.001096	321	129513	117225	0.002738	-0.092276	0.029515	-0.092276	0.029515	-0.226179	0.072344
19	A	6156	314609	281170	0.021894	855	399138	347101	0.002463	2332	134601	121997	0.019115	1.016518	0.025993	1.016518	0.025993	2.491597	0.063712
20	G	364	341319	298115	0.001221	315	441210	374946	0.000840	146	142584	126295	0.001156	0.329478	0.074061	0.329478	0.074061	0.807587	0.181532
21	A	421	362022	325505	0.001293	141	485211	444757	0.000317	162	149814	138883	0.001166	0.837025	0.088142	0.837025	0.088142	2.051640	0.216046
22	U	48327	376655	341975	0.141317	303	516807	468233	0.000647	669	155146	141413	0.004731	29.734828	1.157644	29.734828	1.157644	72.883321	2.837512
23	A	843	394388	363423	0.002320	357	542516	493776	0.000723	754	158169	145808	0.005171	0.308752	0.020491	0.308752	0.020491	0.756785	0.050226
24	C	680	395945	368005	0.001848	1269	543718	500471	0.002536	937	158886	146948	0.006376	-0.107868	0.016141	-0.107868	0.016141	-0.264396	0.039563
25	C	455	396014	373374	0.001219	812	543437	511417	0.001588	556	158943	148869	0.003735	-0.098834	0.021774	-0.098834	0.021774	-0.242253	0.053370
26	A	309	395689	372847	0.000829	264	542891	512975	0.000515	2365	158937	147333	0.016052	0.019568	0.003561	0.019568	0.003561	0.047963	0.008728
27	U	723	395617	372015	0.001943	347	542728	511692	0.000678	1975	158939	147092	0.013427	0.094238	0.006389	0.094238	0.006389	0.230988	0.015660
28	G	2160	395276	375610	0.005751	333	542383	515680	0.000646	1919	158836	147990	0.012967	0.393681	0.013389	0.393681	0.013389	0.964955	0.032818
29	A	998	395050	375414	0.002658	375	542120	514349	0.000729	1820	158801	148269	0.012275	0.157175	0.008365	0.157175	0.008365	0.385253	0.020504
30	U	879	394986	374558	0.002347	542	541936	515088	0.001052	1788	158755	146362	0.012216	0.105967	0.007871	0.105967	0.007871	0.259737	0.019293
31	C	416	394766	372646	0.001116	349	541572	514013	0.000679	1577	158670	144580	0.010907	0.040098	0.006108	0.040098	0.006108	0.098285	0.014971
32	A	14563	394453	374152	0.038923	19274	541095	515676	0.037376	7458	158564	147754	0.050476	0.030638	0.008331	0.030638	0.008331	0.075097	0.020420
33	C	713	394378	374448	0.001904	247	541081	515521	0.000479	1494	158523	147575	0.010124	0.140760	0.008482	0.140760	0.008482	0.345018	0.020790
34	G	704	394143	371956	0.001893	179	540835	512477	0.000349	865	158292	145983	0.005925	0.260476	0.015581	0.260476	0.015581	0.638455	0.038191
35	A	654	394058	369628	0.001769	353	540649	509538	0.000693	854	158212	144156	0.005924	0.181725	0.014622	0.181725	0.014622	0.445428	0.035840
36	A	751	394019	368515	0.002038	255	540639	507918	0.000502	1087	158155	143884	0.007555	0.203299	0.012338	0.203299	0.012338	0.498308	0.030242
37	G	10824	393965	373340	0.028992	17434	540577	514127	0.033910	5025	158100	143154	0.035102	-0.140093	0.010975	-0.140093	0.010975	-0.343383	0.026901
38	G	615	394020	361617	0.001701	424	540583	494574	0.000857	2190	158093	138187	0.015848	0.053217	0.005188	0.053217	0.005188	0.130441	0.012716
39	U	2258	393946	362667	0.006226	2824	540466	496274	0.005690	7241	157851	140902	0.051390	0.010424	0.003295	0.010424	0.003295	0.025550	0.008076
40	G	873	393967	361492	0.002415	1223	540482	495235	0.002470	1100	157843	140198	0.007846	-0.006952	0.013768	-0.006952	0.013768	-0.017040	0.033747
41	G	6737	393969	371235	0.018148	8207	540452	509652	0.016103	6585	157800	144556	0.045553	0.044879	0.006252	0.044879	0.006252	0.110003	0.015324
42	U	2641	393855	369616	0.007145	1861	540412	508228	0.003662	2802	157742	144174	0.019435	0.179240	0.009040	0.179240	0.009040	0.439337	0.022158
43	U	897	393830	370065	0.002424	617	540383	508830	0.001213	1003	157714	144993	0.006918	0.175107	0.014739	0.175107	0.014739	0.429206	0.036127
44	U	476	393786	371397	0.001282	426	540311	511290	0.000833	640	157622	145475	0.004399	0.101937	0.016695	0.101937	0.016695	0.249859	0.040921
45	U	1405	393722	370262	0.003795	1711	540173	509793	0.003356	2380	157569	144015	0.016526	0.026525	0.007869	0.026525	0.007869	0.065016	0.019288
46	C	3321	393671	368354	0.009016	4507	540086	505437	0.008917	2434	157506	141166	0.017242	0.005727	0.011903	0.005727	0.011903	0.014038	0.029176
47	C	1286	393558	370313	0.003473	2606	539857	507083	0.005139	3521	157469	142579	0.024695	-0.067481	0.005770	-0.067481	0.005770	-0.165403	0.014143
48	C	3396	393494	355479	0.009553	5009	539762	486827	0.010289	1898	157434	136038	0.013952	-0.052736	0.015751	-0.052736	0.015751	-0.129262	0.038607
49	A	2394	393341	358192	0.006684	3825	539453	491209	0.007787	4274	157125	136738	0.031257	-0.035299	0.005968	-0.035299	0.005968	-0.086522	0.014628
50	G	440	393415	357746	0.001230	543	539425	490190	0.001108	2341	157178	136277	0.017178	0.007113	0.004397	0.007113	0.004397	0.017435	0.010778
51	G	10064	393120	371283	0.027106	12099	538928	508172	0.023809	6860	157053	142631	0.048096	0.068553	0.007246	0.068553	0.007246	0.168031	0.017761
52	G	704	392985	368758	0.001909	923	538665	505130	0.001827	1325	156734	136957	0.009675	0.008461	0.009696	0.008461	0.009696	0.020739	0.023766
53	C	7837	392756	371325	0.021106	9818	538346	510793	0.019221	3912	151644	137567	0.028437	0.066266	0.010860	0.066266	0.010860	0.162425	0.026619
54	G	340	392631	343883	0.000989	309	538107	472229	0.000654	1399	151562	128233	0.010910	0.030648	0.006039	0.030648	0.006039	0.075122	0.014802
55	A	886	392473	343991	0.002576	787	537868	471964	0.001668	1701	151416	128890	0.013197	0.068813	0.008128	0.068813	0.008128	0.168668	0.019923
56	G	417	392455	341991	0.001219	578	537838	469439	0.001231	1339	151398	128376	0.010430	-0.001143	0.007542	-0.001143	0.007542	-0.002802	0.018486
57	G	1312	392377	360411	0.003640	1947	537712	496092	0.003925	1426	151328	134878	0.010573	-0.026899	0.012714	-0.026899	0.012714	-0.065932	0.031163
58	C	507	392342	367079	0.001381	831	537635	507164	0.001639	705	151133	137202	0.005138	-0.050083	0.016384	-0.050083	0.016384	-0.122759	0.040159
59	U	4728	392292	358085	0.013204	1149	537600	512035	0.002244	1549	151065	136943	0.011311	0.968908	0.030471	0.968908	0.030471	2.374900	0.074688
60	U	13558	392335	370691	0.036575	767	537605	514577	0.001491	1350	151037	136366	0.009900	3.543939	0.101684	3.543939	0.101684	8.686583	0.249239
61	A	531	392319	371988	0.001427	174	537565	516419	0.000337	2543	150692	138261	0.018393	0.059291	0.003828	0.059291	0.003828	0.145329	0.009383
62	U	2626	392322	371090	0.007076	4145	537561	515702	0.008038	3439	150686	138115	0.024900	-0.038601	0.007505	-0.038601	0.007505	-0.094615	0.018396
63	C	205	392285	372475	0.000550	229	537507	517207	0.000443	932	150665	138646	0.006722	0.016008	0.007206	0.016008	0.007206	0.039237	0.017663
64	C	231	392248	371321	0.000622	189	537431	516024	0.000366	1092	150637	138757	0.007870	0.032509	0.006283	0.032509	0.006283	0.079683	0.015400
65	A	1406	392170	366725	0.003834	373	537341	513151	0.000727	2363	150580	136940	0.017256	0.180059	0.007320	0.180059	0.007320	0.441344	0.017942
66	U	10228	392094	346338	0.029532	713	537234	510966	0.001395	1945	150538	136000	0.014301	1.967381	0.049196	1.967381	0.049196	4.822266	0.120585
67	U	23505	392062	365429	0.064322	520	537141	511535	0.001017	1526	150466	136768	0.011158	5.673731	0.150083	5.673731	0.150083	13.906936	0.367870
68	G	899	392101	362833	0.002478	1063	537079	513909	0.002068	1191	150444	135410	0.008796	0.046531	0.011921	0.046531	0.011921	0.114053	0.029220
69	C	479	392082	359197	0.001334	363	537041	511437	0.000710	1323	150361	133381	0.009919	0.062886	0.007405	0.062886	0.007405	0.154140	0.018150
70	A	4539	392031	353478	0.012841	6243	536973	510739	0.012223	2311	149558	132782	0.017404	0.035480	0.014124	0.035480	0.014124	0.086965	0.034619
71	C	13891	392030	350250	0.039660	630	536981	506881	0.001243	807	149208	131576	0.006133	6.263694	0.227359	6.263694	0.227359	15.353000	0.557282
72	U	9490	392001	355508	0.026694	1457	536925	511225	0.002850	1787	148562	132632	0.013473	1.769726	0.046872	1.769726	0.046872	4.337792	0.114888
73	C	9768	392053	364555	0.026794	446	536918	512365	0.000870	883	148282	133145	0.006632	3.908980	0.137893	3.908980	0.137893	9.581338	0.337991
74	C	7162	392039	374545	0.019122	699	536839	518555	0.001348	1171	147866	133740	0.008756	2.029957	0.064953	2.029957	0.064953	4.975647	0.159207
75	G	559	392176	374790	0.001492	1057	536745	517640	0.002042	2013	147483	130987	0.015368	-0.035819	0.005847	-0.035819	0.005847	-0.087796	0.014332
76	G	252	392085	367128	0.000686	303	536619	507674	0.000597	752	147325	120423	0.006245	0.014343	0.008853	0.014343	0.008853	0.035156	0.021700
77	A	228	392083	364169	0.000626	166	536565	505027	0.000329	2432	147253	119454	0.020359	0.014607	0.002409	0.014607	0.002409	0.035803	0.005905
78	U	462	392116	360843	0.001280	322	536544	505363	0.000637	2723	147171	119489	0.022789	0.028223	0.003091	0.028223	0.003091	0.069178	0.007576
79	G	6287	392113	362171	0.017359	643	536507	498780	0.001289	2794	146725	120570	0.023173	0.693474	0.016315	0.693474	0.016315	1.699781	0.039990
80	U	711	392170	362476	0.001962	338	536417	496983	0.000680	843	146725	120723	0.006983	0.183505	0.013379	0.183505	0.013379	0.449791	0.032793
81	G	1164	392162	359808	0.003235	1619	536349	492160	0.003290	1494	146701	119822	0.012468	-0.004373	0.010042	-0.004373	0.010042	-0.010719	0.024614
82	C	2234	392128	363904	0.006139	2298	536283	499472	0.004601	1773	146682	121148	0.014635	0.105099	0.011314	0.105099	0.011314	0.257609	0.027732
83	U	626	392165	362491	0.001727	502	536271	498256	0.001008	687	146578	120297	0.005711	0.125975	0.015204	0.125975	0.015204	0.308779	0.037267
84	G	342	392150	360003	0.000950	331	536263	495292	0.000668	555	146550	119183	0.004657	0.060493	0.013802	0.060493	0.013802	0.148275	0.033830
85	A	5312	392236	364764	0.014563	4898	536309	499870	0.009799	12695	146567	130583	0.097218	0.049006	0.002547	0.049006	0.002547	0.120119	0.006243
86	C	1275	392413	367365	0.003471	1873	536425	502980	0.003724	829	146518	134754	0.006152	-0.041148	0.021149	-0.041148	0.021149	-0.100858	0.051839
87	C	1366	392623	375082	0.003642	2378	536616	513862	0.004628	1898	146579	138798	0.013675	-0.072092	0.010140	-0.072092	0.010140	-0.176705	0.024854
88	C	938	392733	376743	0.002490	1833	536732	517834	0.003540	528	146627	139535	0.003784	-0.277480	0.032936	-0.277480	0.032936	-0.680134	0.080730
89	C	634	392718	374707	0.001692	842	536688	516162	0.001631	694	146606	139158	0.004987	0.012175	0.017574	0.012175	0.017574	0.029842	0.043076
90	U	533	392555	373738	0.001426	748	536473	514606	0.001454	567	146518	138921	0.004081	-0.006715	0.019968	-0.006715	0.019968	-0.016459	0.048944
91	G	661	392545	370998	0.001782	779	536403	511363	0.001523	773	146430	131278	0.005888	0.043867	0.015064	0.043867	0.015064	0.107523	0.036924
92	C	1359	391381	372326	0.003650	1250	534475	512289	0.002440	1660	138719	127677	0.013002	0.093066	0.009560	0.093066	0.009560	0.228115	0.023433
93	G	524	391112	364748	0.001437	761	533731	504093	0.001510	1337	135776	123194	0.010853	-0.006729	0.007675	-0.006729	0.007675	-0.016494	0.018812
94	A	3304	390883	364742	0.009058	6455	533216	502448	0.012847	2955	134701	122869	0.024050	-0.157532	0.009775	-0.157532	0.009775	-0.386128	0.023960
95	U	1503	391021	363839	0.004131	1147	532978	502198	0.002284	1635	133750	121529	0.013454	0.137286	0.009969	0.137286	0.009969	0.336503	0.024435
96	U	585	391248	369418	0.001584	789	532856	509580	0.001548	902	132703	123324	0.007314	0.004818	0.011703	0.004818	0.011703	0.011809	0.028685
97	U	1286	391387	366799	0.003506	1859	532667	508437	0.003656	3052	132007	122966	0.024820	-0.006055	0.005216	-0.006055	0.005216	-0.014841	0.012785
98	C	2666	391428	363619	0.007332	4493	532623	507565	0.008852	1963	131887	121611	0.016142	-0.094180	0.012200	-0.094180	0.012200	-0.230845	0.029904
99	C	1911	391509	365327	0.005231	4791	532601	511968	0.009358	2321	131688	123899	0.018733	-0.220310	0.010668	-0.220310	0.010668	-0.540004	0.026148
100	C	336	393083	367098	0.000915	589	532636	515455	0.001143	278	131604	124259	0.002237	-0.101639	0.031276	-0.101639	0.031276	-0.249128	0.076661
101	C	5435	393341	354469	0.015333	6640	532557	510266	0.013013	3634	131442	122837	0.029584	0.078420	0.008958	0.078420	0.008958	0.192216	0.021957
102	A	1752	391463	293956	0.005960	192	526453	499788	0.000384	367	130849	117902	0.003113	1.791311	0.104476	1.791311	0.104476	4.390700	0.256082
103	A	43014	391529	317962	0.135280	495	526406	490829	0.001008	2470	130792	118083	0.020917	6.419117	0.132888	6.419117	0.132888	15.733959	0.325723
104	A	12891	393983	324048	0.039781	477	526381	484136	0.000985	989	130756	116551	0.008486	4.571991	0.151224	4.571991	0.151224	11.206451	0.370667
105	U	24748	396507	290158	0.085291	3087	526362	486988	0.006339	2307	130744	113144	0.020390	3.872129	0.085073	3.872129	0.085073	9.491012	0.208523
106	G	3588	396827	290868	0.012335	599	526022	483130	0.001240	1456	130531	112957	0.012890	0.860805	0.027922	0.860805	0.027922	2.109927	0.068440
107	U	70872	397054	342048	0.207199	986	525846	476429	0.002070	3607	130506	114408	0.031528	6.506362	0.111131	6.506362	0.111131	15.947806	0.272394
108	G	1113	398714	345431	0.003222	1642	525678	461344	0.003559	1730	130502	113169	0.015287	-0.022052	0.008556	-0.022052	0.008556	-0.054052	0.020972
109	G	317	398710	349672	0.000907	582	525453	465177	0.001251	1363	130453	115442	0.011807	-0.029184	0.006206	-0.029184	0.006206	-0.071533	0.015212
110	G	5481	398682	349456	0.015684	8495	525305	467742	0.018162	4313	130397	115083	0.037477	-0.066103	0.007785	-0.066103	0.007785	-0.162026	0.019082
111	A	196	398598	352413	0.000556	230	525237	477199	0.000482	534	130351	115423	0.004626	0.016035	0.011018	0.016035	0.011018	0.039304	0.027006
112	A	476	398509	350866	0.001357	261	525039	475339	0.000549	697	130298	114920	0.006065	0.133149	0.012726	0.133149	0.012726	0.326363	0.031193
113	A	1390	398283	350422	0.003967	635	524669	472889	0.001343	984	129838	114835	0.008569	0.306208	0.016974	0.306208	0.016974	0.750549	0.041605
114	C	23376	398640	355797	0.065700	2642	524412	473653	0.005578	1133	129812	114858	0.009864	6.094921	0.186564	6.094921	0.186564	14.939319	0.457289
115	U	1601	398557	362370	0.004418	636	524300	479193	0.001327	1173	129785	115890	0.010122	0.305375	0.015018	0.305375	0.015018	0.748508	0.036811
116	C	2920	398369	368087	0.007933	3367	524067	485428	0.006936	2465	129751	117144	0.021042	0.047369	0.009047	0.047369	0.009047	0.116107	0.022175
117	G	439	398124	364914	0.001203	403	523804	485058	0.000831	1033	129664	115677	0.008930	0.041679	0.008031	0.041679	0.008031	0.102160	0.019685
118	A	497	397961	365450	0.001360	469	523495	484325	0.000968	2248	129602	117823	0.019079	0.020525	0.003988	0.020525	0.003988	0.050309	0.009775
119	C	768	397854	365244	0.002103	1307	523295	483503	0.002703	921	129552	117617	0.007831	-0.076685	0.013837	-0.076685	0.013837	-0.187963	0.033916
120	U	1540	397818	374004	0.004118	2504	523229	491511	0.005094	1215	129527	120090	0.010117	-0.096555	0.014713	-0.096555	0.014713	-0.236667	0.036063
121	G	1935	397779	380035	0.005092	2690	523186	499072	0.005390	1110	129521	121934	0.009103	-0.032776	0.017116	-0.032776	0.017116	-0.080338	0.041953
122	C	267	397750	378264	0.000706	466	523134	498273	0.000935	292	129525	120974	0.002414	-0.095028	0.025949	-0.095028	0.025949	-0.232924	0.063604
123	A	149	397717	373062	0.000399	134	523065	493348	0.000272	403	129528	117409	0.003432	0.037228	0.011876	0.037228	0.011876	0.091250	0.029109
124	U	5496	397703	363269	0.015129	1823	523046	479425	0.003802	3717	129527	114873	0.032357	0.350052	0.008962	0.350052	0.008962	0.858016	0.021967
125	A	630	397725	354710	0.001776	347	523022	468000	0.000741	1685	129530	112962	0.014917	0.069362	0.005699	0.069362	0.005699	0.170014	0.013969
126	A	1003	397729	347928	0.002883	648	523012	456873	0.001418	2252	129514	111317	0.020231	0.072388	0.005492	0.072388	0.005492	0.177431	0.013461
127	U	9990	397735	347613	0.028739	12886	522985	454736	0.028337	4403	129521	110768	0.039750	0.010102	0.009581	0.010102	0.009581	0.024761	0.023484
128	U	9719	397707	356355	0.027273	13161	522952	465615	0.028266	2939	129507	113001	0.026009	-0.038160	0.014261	-0.038160	0.014261	-0.093534	0.034955
129	U	458	397645	364570	0.001256	324	522848	477875	0.000678	1450	129474	115342	0.012571	0.045999	0.005678	0.045999	0.005678	0.112749	0.013917
130	G	2693	397536	361757	0.007444	673	522721	478052	0.001408	2981	129434	113688	0.026221	0.230214	0.007211	0.230214	0.007211	0.564280	0.017675
131	U	522	397350	360699	0.001447	445	522492	477938	0.000931	1863	129380	113385	0.016431	0.031411	0.004755	0.031411	0.004755	0.076992	0.011655
132	G	823	397238	355459	0.002315	819	522349	472719	0.001733	2712	129318	111542	0.024314	0.023969	0.004175	0.023969	0.004175	0.058751	0.010233
133	G	743	397077	352767	0.002106	777	522159	471916	0.001646	1331	129249	110143	0.012084	0.038043	0.008116	0.038043	0.008116	0.093248	0.019893
134	U	718	396966	342614	0.002096	277	522055	459586	0.000603	1002	129182	105929	0.009459	0.157830	0.010386	0.157830	0.010386	0.386859	0.025457
135	A	4679	396880	341457	0.013703	723	521927	462533	0.001563	3701	129129	105158	0.035195	0.344936	0.008202	0.344936	0.008202	0.845476	0.020104
136	G	4687	396827	344617	0.013601	244	521858	459845	0.000531	2348	129099	107171	0.021909	0.596561	0.015369	0.596561	0.015369	1.462236	0.037671
137	U	17611	396715	348994	0.050462	896	521701	470573	0.001904	5611	129036	107359	0.052264	0.929095	0.014431	0.929095	0.014431	2.277314	0.035372
138	G	1383	396579	350213	0.003949	1379	521561	469874	0.002935	1762	128955	107391	0.016407	0.061814	0.008201	0.061814	0.008201	0.151513	0.020102
139	G	382	396389	339732	0.001124	366	521361	450873	0.000812	663	128857	103657	0.006396	0.048883	0.011336	0.048883	0.011336	0.119818	0.027786
140	G	123	396136	306415	0.000401	197	521101	398775	0.000494	220	128490	93843	0.002344	-0.039498	0.021699	-0.039498	0.021699	-0.096814	0.053187
141	G	269	395475	281147	0.000957	539	520908	365682	0.001474	464	127714	84615	0.005484	-0.094310	0.016321	-0.094310	0.016321	-0.231164	0.040005
142	G	201	392850	206735	0.000972	289	518825	257556	0.001122	433	125347	59858	0.007234	-0.020712	0.013196	-0.020712	0.013196	-0.050767	0.032345
143	A	287	376665	201943	0.001421	356	481413	240319	0.001481	1828	117689	57409	0.031842	-0.001890	0.003609	-0.001890	0.003609	-0.004633	0.008846
144	C	485	354054	196176	0.002472	350	436164	226466	0.001545	461	110133	53879	0.008556	0.108317	0.017053	0.108317	0.017053	0.265497	0.041799
145	U	1057	321764	187158	0.005648	1354	386077	195708	0.006918	1173	99042	51554	0.022753	-0.055854	0.011368	-0.055854	0.011368	-0.136904	0.027864
146	G	851	284239	183722	0.004632	957	326410	212745	0.004498	726	89111	50270	0.014442	0.009255	0.014912	0.009255	0.014912	0.022685	0.036551
147	C	4913	263748	186993	0.026274	5585	323242	231064	0.024171	3222	82931	54290	0.059348	0.035434	0.008365	0.035434	0.008365	0.086853	0.020504
148	G	346	252241	191498	0.001807	464	322674	245126	0.001893	103	79812	59629	0.001727	-0.049843	0.075990	-0.049843	0.075990	-0.122171	0.186260
149	U	981	247207	191255	0.005129	1297	322501	247768	0.005235	407	78174	59963	0.006788	-0.015537	0.032269	-0.015537	0.032269	-0.038083	0.079095
150	U	224	245013	194491	0.001152	214	322437	253911	0.000843	96	77389	60578	0.001585	0.194928	0.063839	0.194928	0.063839	0.477790	0.156476
151	C	748	244114	210040	0.003561	1004	322399	276064	0.003637	287	76973	65479	0.004383	-0.017251	0.039615	-0.017251	0.039615	-0.042284	0.097101
152	G	2258	243762	220601	0.010236	3218	322373	291197	0.011051	168	76759	68934	0.002437	-0.334520	0.121932	-0.334520	0.121932	-0.819945	0.298869
153	C	116	243565	232891	0.000498	192	322325	308404	0.000623	40	76592	73335	0.000545	-0.228206	0.123596	-0.228206	0.123596	-0.559358	0.302947
154	G	162	243429	230168	0.000704	243	322300	304847	0.000797	57	76503	72250	0.000789	-0.118246	0.096745	-0.118246	0.096745	-0.289834	0.237133
155	C	93	243300	228487	0.000407	132	322281	302322	0.000437	43	76421	71749	0.000599	-0.049382	0.095065	-0.049382	0.095065	-0.121041	0.233015
156	U	1016	243180	224348	0.004529	1537	322262	296891	0.005177	365	76325	70480	0.005179	-0.125185	0.038023	-0.125185	0.038023	-0.306842	0.093199
157	U	239	243072	223392	0.001070	349	322241	295271	0.001182	56	76278	70137	0.000798	-0.140395	0.118927	-0.140395	0.118927	-0.344124	0.291503
158	U	515	242981	219683	0.002344	722	322228	290151	0.002488	166	76234	68868	0.002410	-0.059771	0.057743	-0.059771	0.057743	-0.146505	0.141534
159	C	1707	242893	214489	0.007958	2540	322222	282871	0.008979	616	76210	67228	0.009163	-0.111418	0.028986	-0.111418	0.028986	-0.273098	0.071048
160	C	1009	242843	206935	0.004876	1377	322210	272391	0.005055	284	76194	64855	0.004379	-0.040947	0.046931	-0.040947	0.046931	-0.100366	0.115033
161	C	119	242773	201064	0.000592	135	322176	264273	0.000511	45	76170	63072	0.000713	0.113552	0.099330	0.113552	0.099330	0.278328	0.243469
162	C	146	241990	205447	0.000711	232	321175	270302	0.000858	47	75927	64381	0.000730	-0.202257	0.115408	-0.202257	0.115408	-0.495754	0.282878
163	U	3788	241717	215868	0.017548	5212	320879	284980	0.018289	1130	75849	67565	0.016725	-0.044320	0.022843	-0.044320	0.022843	-0.108633	0.055991
164	G	0	239513	0	nan	0	317772	0	nan	0	75116	0	nan	nan	nan	nan	nan	nan	nan