Nucleotide	Sequence	Modified_mutations	Modified_read_depth	Modified_effective_depth	Modified_rate	Untreated_mutations	Untreated_read_depth	Untreated_effective_depth	Untreated_rate	Denatured_mutations	Denatured_read_depth	Denatured_effective_depth	Denatured_rate	Reactivity_profile	Std_err	HQ_profile	HQ_stderr	Norm_profile	Norm_stderr
1	A	0	41408	38639	0.000000	0	78051	69626	0.000000	0	0	0	nan	0.000000	0.000000	0.000000	0.000000	0.000000	0.000000
2	U	0	41791	38651	0.000000	0	78992	69634	0.000000	0	0	0	nan	0.000000	0.000000	0.000000	0.000000	0.000000	0.000000
3	A	7	41963	40091	0.000175	9	79340	75046	0.000120	0	0	0	nan	0.000055	0.000077	0.000055	0.000077	0.080013	0.112019
4	C	18	42069	40561	0.000444	22	79507	76055	0.000289	0	0	0	nan	0.000155	0.000121	0.000155	0.000121	0.225492	0.176030
5	U	44	42156	40176	0.001095	63	79709	75953	0.000829	0	0	0	nan	0.000266	0.000195	0.000266	0.000195	0.386974	0.283684
6	U	11	42161	38998	0.000282	19	79724	72745	0.000261	0	0	0	nan	0.000021	0.000104	0.000021	0.000104	0.030551	0.151298
7	A	21	42165	38725	0.000542	45	79730	71914	0.000626	0	0	0	nan	-0.000083	0.000151	-0.000083	0.000151	-0.120748	0.219673
8	C	43	42167	39345	0.001093	104	79732	72617	0.001432	0	0	0	nan	-0.000339	0.000218	-0.000339	0.000218	-0.493174	0.317144
9	C	8	42167	40375	0.000198	17	79736	75292	0.000226	0	0	0	nan	-0.000028	0.000089	-0.000028	0.000089	-0.040734	0.129476
10	U	26	42167	41173	0.000631	51	79737	77536	0.000658	0	0	0	nan	-0.000026	0.000154	-0.000026	0.000154	-0.037825	0.224038
11	G	58	42167	41271	0.001405	78	79737	77881	0.001002	0	0	0	nan	0.000404	0.000217	0.000404	0.000217	0.587735	0.315689
12	G	15	42169	41226	0.000364	48	79738	77280	0.000621	0	0	0	nan	-0.000257	0.000130	-0.000257	0.000130	-0.373881	0.189123
13	C	25	42169	40804	0.000613	52	79738	76223	0.000682	0	0	0	nan	-0.000070	0.000155	-0.000070	0.000155	-0.101835	0.225492
14	A	35	42169	40769	0.000858	78	79738	76235	0.001023	0	0	0	nan	-0.000165	0.000186	-0.000165	0.000186	-0.240040	0.270591
15	G	80	42171	41438	0.001931	153	79738	77903	0.001964	0	0	0	nan	-0.000033	0.000268	-0.000033	0.000268	-0.048008	0.389884
16	G	23	42171	41963	0.000548	48	79742	79358	0.000605	0	0	0	nan	-0.000057	0.000144	-0.000057	0.000144	-0.082923	0.209490
17	G	44	42171	41870	0.001051	79	79742	79338	0.000996	0	0	0	nan	0.000055	0.000194	0.000055	0.000194	0.080013	0.282229
18	G	16	42171	41054	0.000390	32	79743	77447	0.000413	0	0	0	nan	-0.000023	0.000122	-0.000023	0.000122	-0.033460	0.177484
19	A	302	42171	40269	0.007500	95	79743	75543	0.001258	0	0	0	nan	0.006242	0.000450	0.006242	0.000450	9.080797	0.654655
20	G	23	42171	38570	0.000596	52	79744	71943	0.000723	0	0	0	nan	-0.000126	0.000160	-0.000126	0.000160	-0.183303	0.232766
21	A	15	42171	38389	0.000391	43	79741	71765	0.000599	0	0	0	nan	-0.000208	0.000136	-0.000208	0.000136	-0.302596	0.197851
22	U	1317	42171	39078	0.033702	40	79742	72828	0.000549	0	0	0	nan	0.033153	0.000933	0.033153	0.000933	48.230640	1.357319
23	A	43	42171	40327	0.001066	42	79741	74879	0.000561	0	0	0	nan	0.000505	0.000184	0.000505	0.000184	0.734669	0.267681
24	C	29	42169	39044	0.000743	58	79736	73553	0.000789	0	0	0	nan	-0.000046	0.000172	-0.000046	0.000172	-0.066920	0.250224
25	C	15	42151	38990	0.000385	26	79715	73688	0.000353	0	0	0	nan	0.000032	0.000121	0.000032	0.000121	0.046553	0.176030
26	A	22	42146	39265	0.000560	22	79705	74271	0.000296	0	0	0	nan	0.000264	0.000135	0.000264	0.000135	0.384064	0.196397
27	U	29	42144	40640	0.000714	41	79693	76409	0.000537	0	0	0	nan	0.000177	0.000157	0.000177	0.000157	0.257498	0.228402
28	G	46	42142	40432	0.001138	31	79688	75611	0.000410	0	0	0	nan	0.000728	0.000183	0.000728	0.000183	1.059087	0.266226
29	A	40	42124	40821	0.000980	37	79652	76543	0.000483	0	0	0	nan	0.000496	0.000174	0.000496	0.000174	0.721576	0.253133
30	U	50	42122	40464	0.001236	69	79648	75652	0.000912	0	0	0	nan	0.000324	0.000206	0.000324	0.000206	0.471352	0.299687
31	C	23	42116	40214	0.000572	32	79636	75400	0.000424	0	0	0	nan	0.000148	0.000141	0.000148	0.000141	0.215309	0.205125
32	A	37	42105	40269	0.000919	22	79622	75537	0.000291	0	0	0	nan	0.000628	0.000163	0.000628	0.000163	0.913608	0.237131
33	C	30	42103	40568	0.000739	31	79623	76418	0.000406	0	0	0	nan	0.000334	0.000153	0.000334	0.000153	0.485900	0.222583
34	G	15	42102	39969	0.000375	22	79622	75006	0.000293	0	0	0	nan	0.000082	0.000115	0.000082	0.000115	0.119293	0.167301
35	A	16	42103	38711	0.000413	10	79616	72563	0.000138	0	0	0	nan	0.000276	0.000112	0.000276	0.000112	0.401522	0.162936
36	A	14	42106	38568	0.000363	23	79617	72349	0.000318	0	0	0	nan	0.000045	0.000117	0.000045	0.000117	0.065466	0.170210
37	G	127	42108	38822	0.003271	199	79619	74539	0.002670	0	0	0	nan	0.000602	0.000347	0.000602	0.000347	0.875783	0.504812
38	G	12	42112	37951	0.000316	23	79622	73888	0.000311	0	0	0	nan	0.000005	0.000112	0.000005	0.000112	0.007274	0.162936
39	U	142	42115	26964	0.005266	210	79624	49582	0.004235	0	0	0	nan	0.001031	0.000530	0.001031	0.000530	1.499888	0.771038
40	G	48	42166	26022	0.001845	92	79661	47598	0.001933	0	0	0	nan	-0.000088	0.000334	-0.000088	0.000334	-0.128021	0.485900
41	G	286	42337	26595	0.010754	514	79828	47118	0.010909	0	0	0	nan	-0.000155	0.000797	-0.000155	0.000797	-0.225492	1.159467
42	U	99	43259	28108	0.003522	142	81873	48844	0.002907	0	0	0	nan	0.000615	0.000430	0.000615	0.000430	0.894696	0.625560
43	U	22	44325	40294	0.000546	43	84150	75237	0.000572	0	0	0	nan	-0.000026	0.000145	-0.000026	0.000145	-0.037825	0.210944
44	U	16	45675	43770	0.000366	35	86796	82124	0.000426	0	0	0	nan	-0.000061	0.000116	-0.000061	0.000116	-0.088742	0.168756
45	U	118	50281	48705	0.002423	176	97943	94016	0.001872	0	0	0	nan	0.000551	0.000264	0.000551	0.000264	0.801589	0.384064
46	C	188	50813	48848	0.003849	347	99212	94706	0.003664	0	0	0	nan	0.000185	0.000343	0.000185	0.000343	0.269136	0.498993
47	C	67	50878	48619	0.001378	102	99337	94303	0.001082	0	0	0	nan	0.000296	0.000200	0.000296	0.000200	0.430618	0.290958
48	C	67	50891	47725	0.001404	68	99366	91827	0.000741	0	0	0	nan	0.000663	0.000194	0.000663	0.000194	0.964526	0.282229
49	A	57	50886	47892	0.001190	118	99359	92301	0.001278	0	0	0	nan	-0.000088	0.000197	-0.000088	0.000197	-0.128021	0.286594
50	G	52	50887	48397	0.001074	92	99361	92870	0.000991	0	0	0	nan	0.000084	0.000181	0.000084	0.000181	0.122202	0.263317
51	G	34	50881	49445	0.000688	108	99344	95807	0.001127	0	0	0	nan	-0.000440	0.000160	-0.000440	0.000160	-0.640107	0.232766
52	G	0	50875	48328	0.000000	0	99317	93251	0.000000	0	0	0	nan	0.000000	0.000000	0.000000	0.000000	0.000000	0.000000
53	C	0	50868	49075	0.000000	0	99289	95064	0.000000	0	0	0	nan	0.000000	0.000000	0.000000	0.000000	0.000000	0.000000
54	G	0	50866	46494	0.000000	0	99281	89994	0.000000	0	0	0	nan	0.000000	0.000000	0.000000	0.000000	0.000000	0.000000
55	A	0	50852	46571	0.000000	1	99253	90155	0.000011	0	0	0	nan	-0.000011	0.000011	-0.000011	0.000011	-0.016003	0.016003
56	G	0	50851	46120	0.000000	0	99252	89760	0.000000	0	0	0	nan	0.000000	0.000000	0.000000	0.000000	0.000000	0.000000
57	G	0	50805	47512	0.000000	0	99139	92358	0.000000	0	0	0	nan	0.000000	0.000000	0.000000	0.000000	0.000000	0.000000
58	U	13	50767	21	0.619048	7	99045	36	0.194444	0	0	0	nan	0.424603	0.186761	nan	nan	nan	nan
59	G	41326	50767	41339	0.999686	80638	99045	80643	0.999938	0	0	0	nan	-0.000252	0.006048	nan	nan	nan	nan
60	U	4085	50769	43811	0.093241	8058	99052	84808	0.095015	0	0	0	nan	-0.001773	0.001802	nan	nan	nan	nan
61	A	57	50768	44199	0.001290	150	99050	85204	0.001760	0	0	0	nan	-0.000471	0.000223	-0.000471	0.000223	-0.685206	0.324418
62	U	470	50767	45507	0.010328	951	99046	87668	0.010848	0	0	0	nan	-0.000520	0.000592	-0.000520	0.000592	-0.756491	0.861235
63	C	23	50763	48891	0.000470	37	99032	95443	0.000388	0	0	0	nan	0.000083	0.000117	0.000083	0.000117	0.120748	0.170210
64	C	24	50742	48176	0.000498	25	98994	93276	0.000268	0	0	0	nan	0.000230	0.000115	0.000230	0.000115	0.334602	0.167301
65	A	0	50718	47543	0.000000	0	98940	92546	0.000000	0	0	0	nan	0.000000	0.000000	0.000000	0.000000	0.000000	0.000000
66	U	1	50713	45003	0.000022	2	98925	88595	0.000023	0	0	0	nan	-0.000000	0.000027	-0.000000	0.000027	-0.000000	0.039279
67	U	11	50700	45490	0.000242	0	98896	90525	0.000000	0	0	0	nan	0.000242	0.000073	0.000242	0.000073	0.352059	0.106200
68	G	4	50697	45957	0.000087	0	98882	91502	0.000000	0	0	0	nan	0.000087	0.000044	0.000087	0.000044	0.126567	0.064011
69	C	64	50689	47369	0.001351	1	98862	94721	0.000011	0	0	0	nan	0.001341	0.000169	0.001341	0.000169	1.950873	0.245859
70	A	46106	50688	48050	0.959542	92135	98849	94783	0.972063	0	0	0	nan	-0.012520	0.005498	nan	nan	nan	nan
71	U	452	50691	47612	0.009493	273	98837	93347	0.002925	0	0	0	nan	0.006569	0.000480	0.006569	0.000480	9.556513	0.698299
72	C	242	50693	48359	0.005004	25	98840	94350	0.000265	0	0	0	nan	0.004739	0.000326	0.004739	0.000326	6.894248	0.474261
73	C	84	50697	48963	0.001716	70	98842	95831	0.000730	0	0	0	nan	0.000985	0.000207	0.000985	0.000207	1.432968	0.301141
74	G	38	50696	49066	0.000774	50	98845	96348	0.000519	0	0	0	nan	0.000256	0.000146	0.000256	0.000146	0.372426	0.212399
75	G	8	50694	46500	0.000172	23	98839	91204	0.000252	0	0	0	nan	-0.000080	0.000080	-0.000080	0.000080	-0.116383	0.116383
76	A	120	50685	43126	0.002783	252	98833	83862	0.003005	0	0	0	nan	-0.000222	0.000317	-0.000222	0.000317	-0.322963	0.461168
77	U	13	50684	32728	0.000397	26	98832	61403	0.000423	0	0	0	nan	-0.000026	0.000138	-0.000026	0.000138	-0.037825	0.200761
78	G	70	50686	32144	0.002178	34	98832	59460	0.000572	0	0	0	nan	0.001606	0.000278	0.001606	0.000278	2.336392	0.404432
79	U	37	50678	33332	0.001110	40	98833	62282	0.000642	0	0	0	nan	0.000468	0.000209	0.000468	0.000209	0.680842	0.304051
80	G	63	50751	34554	0.001823	100	99023	65313	0.001531	0	0	0	nan	0.000292	0.000276	0.000292	0.000276	0.424799	0.401522
81	C	0	50796	35160	0.000000	1	99133	67660	0.000015	0	0	0	nan	-0.000015	0.000015	-0.000015	0.000015	-0.021822	0.021822
82	U	0	50889	26037	0.000000	0	99359	47491	0.000000	0	0	0	nan	0.000000	0.000000	0.000000	0.000000	0.000000	0.000000
83	G	0	50890	25604	0.000000	0	99355	46920	0.000000	0	0	0	nan	0.000000	0.000000	0.000000	0.000000	0.000000	0.000000
84	A	4	50970	25447	0.000157	3	99590	46708	0.000064	0	0	0	nan	0.000093	0.000087	0.000093	0.000087	0.135295	0.126567
85	C	0	51052	25300	0.000000	1	99801	46403	0.000022	0	0	0	nan	-0.000022	0.000022	-0.000022	0.000022	-0.032005	0.032005
86	C	1	51053	25674	0.000039	4	99805	46965	0.000085	0	0	0	nan	-0.000046	0.000058	-0.000046	0.000058	-0.066920	0.084378
87	A	25781	51049	25800	0.999264	47123	99780	47171	0.998982	0	0	0	nan	0.000281	0.007740	nan	nan	nan	nan
88	C	64	51204	49043	0.001305	106	100145	96287	0.001101	0	0	0	nan	0.000204	0.000195	0.000204	0.000195	0.296777	0.283684
89	U	38	51187	49150	0.000773	51	100099	96538	0.000528	0	0	0	nan	0.000245	0.000146	0.000245	0.000146	0.356423	0.212399
90	G	65	51184	49278	0.001319	78	100092	96816	0.000806	0	0	0	nan	0.000513	0.000187	0.000513	0.000187	0.746307	0.272046
91	C	44	51178	49243	0.000894	73	100083	96713	0.000755	0	0	0	nan	0.000139	0.000161	0.000139	0.000161	0.202216	0.234221
92	G	23	51177	45771	0.000503	14	100079	90807	0.000154	0	0	0	nan	0.000348	0.000113	0.000348	0.000113	0.506267	0.164391
93	A	84	51175	44983	0.001867	143	100072	88327	0.001619	0	0	0	nan	0.000248	0.000245	0.000248	0.000245	0.360788	0.356423
94	U	76	51178	44546	0.001706	103	100085	87027	0.001184	0	0	0	nan	0.000523	0.000228	0.000523	0.000228	0.760855	0.331692
95	U	44	51178	47954	0.000918	89	100093	92511	0.000962	0	0	0	nan	-0.000045	0.000172	-0.000045	0.000172	-0.065466	0.250224
96	U	191	51177	49185	0.003883	310	100091	95539	0.003245	0	0	0	nan	0.000639	0.000336	0.000639	0.000336	0.929611	0.488809
97	C	263	51181	49087	0.005358	519	100093	95897	0.005412	0	0	0	nan	-0.000054	0.000407	-0.000054	0.000407	-0.078559	0.592099
98	C	878	51185	49285	0.017815	2002	100101	96497	0.020747	0	0	0	nan	-0.002932	0.000759	-0.002932	0.000759	-4.265443	1.104185
99	C	128	51188	49236	0.002600	225	100108	96442	0.002333	0	0	0	nan	0.000267	0.000277	0.000267	0.000277	0.388429	0.402977
100	C	941	51187	49837	0.018882	1774	100100	98041	0.018094	0	0	0	nan	0.000787	0.000751	0.000787	0.000751	1.144919	1.092547
101	A	79	51176	47663	0.001657	12	100092	97618	0.000123	0	0	0	nan	0.001535	0.000190	0.001535	0.000190	2.233102	0.276410
102	A	2089	51170	49248	0.042418	19	100074	96664	0.000197	0	0	0	nan	0.042221	0.000929	0.042221	0.000929	61.422672	1.351500
103	A	191	51168	48155	0.003966	35	100066	94443	0.000371	0	0	0	nan	0.003596	0.000294	0.003596	0.000294	5.231423	0.427708
104	U	870	51167	46917	0.018543	49	100055	95080	0.000515	0	0	0	nan	0.018028	0.000633	0.018028	0.000633	26.226947	0.920882
105	G	112	51169	46706	0.002398	101	100054	94287	0.001071	0	0	0	nan	0.001327	0.000250	0.001327	0.000250	1.930506	0.363697
106	C	1595	51169	49312	0.032345	140	100054	96841	0.001446	0	0	0	nan	0.030899	0.000819	0.030899	0.000819	44.951544	1.191473
107	G	112	51168	49456	0.002265	218	100053	96521	0.002259	0	0	0	nan	0.000006	0.000263	0.000006	0.000263	0.008729	0.382610
108	G	38	51166	49226	0.000772	81	100049	96637	0.000838	0	0	0	nan	-0.000066	0.000156	-0.000066	0.000156	-0.096016	0.226947
109	G	1734	51153	46271	0.037475	3550	100038	93066	0.038145	0	0	0	nan	-0.000670	0.001104	-0.000670	0.001104	-0.974709	1.606088
110	A	14	51126	45520	0.000308	20	100018	91445	0.000219	0	0	0	nan	0.000089	0.000096	0.000089	0.000096	0.129476	0.139660
111	A	4	51116	46074	0.000087	6	99994	92216	0.000065	0	0	0	nan	0.000022	0.000051	0.000022	0.000051	0.032005	0.074194
112	A	46	51102	47413	0.000970	28	99957	93721	0.000299	0	0	0	nan	0.000671	0.000154	0.000671	0.000154	0.976164	0.224038
113	C	530	51065	49091	0.010796	29	99880	95818	0.000303	0	0	0	nan	0.010494	0.000472	0.010494	0.000472	15.266562	0.686661
114	U	36	51052	48956	0.000735	50	99857	95600	0.000523	0	0	0	nan	0.000212	0.000143	0.000212	0.000143	0.308415	0.208035
115	C	29	51036	49166	0.000590	41	99816	96127	0.000427	0	0	0	nan	0.000163	0.000128	0.000163	0.000128	0.237131	0.186213
116	G	104	50996	47118	0.002207	179	99750	92725	0.001930	0	0	0	nan	0.000277	0.000260	0.000277	0.000260	0.402977	0.378245
117	A	1451	51157	47394	0.030616	2624	100367	93462	0.028076	0	0	0	nan	0.002540	0.000973	0.002540	0.000973	3.695166	1.415510
118	C	61	51151	46981	0.001298	145	100372	92319	0.001571	0	0	0	nan	-0.000272	0.000211	-0.000272	0.000211	-0.395703	0.306961
119	U	94	51139	46902	0.002004	176	100350	91708	0.001919	0	0	0	nan	0.000085	0.000252	0.000085	0.000252	0.123657	0.366607
120	G	44	51221	45917	0.000958	64	100635	89314	0.000717	0	0	0	nan	0.000242	0.000170	0.000242	0.000170	0.352059	0.247314
121	C	15	51212	24702	0.000607	29	100622	46059	0.000630	0	0	0	nan	-0.000022	0.000196	-0.000022	0.000196	-0.032005	0.285139
122	A	10	51208	24632	0.000406	14	100612	45834	0.000305	0	0	0	nan	0.000101	0.000152	0.000101	0.000152	0.146934	0.221128
123	U	12	51204	24832	0.000483	15	100598	45996	0.000326	0	0	0	nan	0.000157	0.000163	0.000157	0.000163	0.228402	0.237131
124	A	16	51202	45345	0.000353	16	100588	88218	0.000181	0	0	0	nan	0.000171	0.000099	0.000171	0.000099	0.248769	0.144024
125	A	3	51202	45365	0.000066	10	100588	88186	0.000113	0	0	0	nan	-0.000047	0.000052	-0.000047	0.000052	-0.068375	0.075649
126	U	57	51200	46800	0.001218	92	100587	90988	0.001011	0	0	0	nan	0.000207	0.000193	0.000207	0.000193	0.301141	0.280774
127	U	4	51200	49716	0.000080	9	100586	96999	0.000093	0	0	0	nan	-0.000012	0.000051	-0.000012	0.000051	-0.017457	0.074194
128	U	1	51199	49750	0.000020	6	100583	97354	0.000062	0	0	0	nan	-0.000042	0.000032	-0.000042	0.000032	-0.061101	0.046553
129	G	14	51197	31633	0.000443	20	100582	61648	0.000324	0	0	0	nan	0.000118	0.000139	0.000118	0.000139	0.171665	0.202216
130	U	29	51187	31260	0.000928	70	100524	61353	0.001141	0	0	0	nan	-0.000213	0.000220	-0.000213	0.000220	-0.309870	0.320054
131	G	56	51185	31245	0.001792	102	100518	61310	0.001664	0	0	0	nan	0.000129	0.000291	0.000129	0.000291	0.187668	0.423344
132	G	5	51122	28339	0.000176	10	100395	57891	0.000173	0	0	0	nan	0.000004	0.000096	0.000004	0.000096	0.005819	0.139660
133	U	70	51011	26886	0.002604	115	100174	54992	0.002091	0	0	0	nan	0.000512	0.000367	0.000512	0.000367	0.744852	0.533908
134	A	39	51006	26737	0.001459	99	100169	54806	0.001806	0	0	0	nan	-0.000348	0.000296	-0.000348	0.000296	-0.506267	0.430618
135	G	42	51005	28827	0.001457	94	100168	58234	0.001614	0	0	0	nan	-0.000157	0.000280	-0.000157	0.000280	-0.228402	0.407341
136	U	85	50973	32159	0.002643	168	100108	63836	0.002632	0	0	0	nan	0.000011	0.000351	0.000011	0.000351	0.016003	0.510631
137	G	105	50965	33849	0.003102	224	100086	67319	0.003327	0	0	0	nan	-0.000225	0.000376	-0.000225	0.000376	-0.327328	0.547001
138	G	16	50926	43500	0.000368	39	99986	85166	0.000458	0	0	0	nan	-0.000090	0.000118	-0.000090	0.000118	-0.130931	0.171665
139	G	115	50641	17738	0.006483	261	99302	35138	0.007428	0	0	0	nan	-0.000945	0.000760	-0.000945	0.000760	-1.374776	1.105640
140	G	4772	19556	8029	0.594345	9458	38689	15728	0.601348	0	0	0	nan	-0.007002	0.010595	nan	nan	nan	nan
141	G	2765	13346	5179	0.533887	5471	26554	10284	0.531991	0	0	0	nan	0.001895	0.012443	nan	nan	nan	nan
142	A	2656	8550	5103	0.520478	5440	17259	10318	0.527234	0	0	0	nan	-0.006756	0.012373	nan	nan	nan	nan
143	C	0	5850	167	0.000000	0	11925	316	0.000000	0	0	0	nan	0.000000	0.000000	nan	nan	nan	nan
144	U	0	199	0	nan	0	376	0	nan	0	0	0	nan	nan	nan	nan	nan	nan	nan